obstacle3_2
24 20
-11870.8 1419 3129.17
-9834.36 3147 5165.64
-9834.36 3147 5165.64
-9834.36 -309 5165.64
-9834.36 3147 5165.64
-8612.48 3147 6387.52
-8612.48 3147 6387.52
-8612.48 -309 6387.52
-8612.48 -309 6387.52
-9834.36 -309 5165.64
-11870.8 1419 3129.17
-9834.36 1419 5165.64
-13143.6 1419 4401.97
-11107.2 3147 6438.43
-11107.2 3147 6438.43
-11107.2 -309 6438.43
-11107.2 3147 6438.43
-9885.27 3147 7660.31
-9885.27 3147 7660.31
-9885.27 -309 7660.31
-9885.27 -309 7660.31
-11107.2 -309 6438.43
-13143.6 1419 4401.97
-11107.2 1419 6438.43
23 21 19 1 1 1
22 23 16 1 1 1
23 17 16 1 1 1
17 23 19 1 1 1
23 21 19 0 0 1
22 23 16 0 0 1
23 17 16 0 0 1
17 23 19 0 0 1
0 12 1 0.0 1.0 0.5019607843137255
1 13 12 0.0 1.0 0.5019607843137255
2 14 3 0.0 1.0 0.5019607843137255
3 15 14 0.0 1.0 0.5019607843137255
4 16 5 0.0 1.0 0.5019607843137255
5 17 16 0.0 1.0 0.5019607843137255
6 18 7 0.0 1.0 0.5019607843137255
7 19 18 0.0 1.0 0.5019607843137255
8 20 9 0.0 1.0 0.5019607843137255
9 21 20 0.0 1.0 0.5019607843137255
10 22 11 0.0 1.0 0.5019607843137255
11 23 22 0.0 1.0 0.5019607843137255