obstacle5_2
32 26
-995.323 -331 2098
-995.323 605 2098
-995.323 605 2098
-1681.21 1037 1702
-1681.21 1037 1702
-2242.4 1397 1378
-2242.4 1397 1378
-4487.14 1397 81.9995
-4487.14 1397 81.9995
-5609.51 605 -566
-5609.51 605 -566
-5609.51 -331 -566
-995.323 -331 2098
-5609.51 -331 -566
-995.323 605 2098
-5609.51 605 -566
-95.3224 -331 539.154
-95.3224 605 539.154
-95.3224 605 539.154
-781.214 1037 143.154
-781.214 1037 143.154
-1342.4 1397 -180.846
-1342.4 1397 -180.846
-3587.14 1397 -1476.85
-3587.14 1397 -1476.85
-4709.51 605 -2124.85
-4709.51 605 -2124.85
-4709.51 -331 -2124.85
-95.3224 -331 539.154
-4709.51 -331 -2124.85
-95.3224 605 539.154
-4709.51 605 -2124.85
30 16 29 1 1 1
19 30 31 1 1 1
24 19 31 1 1 1
19 24 21 1 1 1
29 31 30 1 1 1
30 16 29 0 0 1
19 30 31 0 0 1
24 19 31 0 0 1
19 24 21 0 0 1
29 31 30 0 0 1
0 16 1 0.0 1.0 0.5019607843137255
1 17 16 0.0 1.0 0.5019607843137255
2 18 3 0.0 1.0 0.5019607843137255
3 19 18 0.0 1.0 0.5019607843137255
4 20 5 0.0 1.0 0.5019607843137255
5 21 20 0.0 1.0 0.5019607843137255
6 22 7 0.0 1.0 0.5019607843137255
7 23 22 0.0 1.0 0.5019607843137255
8 24 9 0.0 1.0 0.5019607843137255
9 25 24 0.0 1.0 0.5019607843137255
10 26 11 0.0 1.0 0.5019607843137255
11 27 26 0.0 1.0 0.5019607843137255
12 28 13 0.0 1.0 0.5019607843137255
13 29 28 0.0 1.0 0.5019607843137255
14 30 15 0.0 1.0 0.5019607843137255
15 31 30 0.0 1.0 0.5019607843137255