obstacle2_1
40 36
-8547.08 2214 -6306.06
-8547.08 -306 -6306.06
-6177.13 -306 -9568.01
-8547.08 -306 -6306.06
-6177.13 -306 -9568.01
-6431.05 -162 -9218.52
-6431.05 -162 -9218.52
-6600.33 -18 -8985.52
-6600.33 -18 -8985.52
-6896.58 198 -8577.78
-6896.58 198 -8577.78
-7280.13 502.285 -8049.86
-7280.13 502.285 -8049.86
-7573.34 790.285 -7646.3
-7573.34 790.285 -7646.3
-7912.27 1134 -7179.79
-7912.27 1134 -7179.79
-8208.51 1494 -6772.05
-8208.51 1494 -6772.05
-8547.08 2214 -6306.06
-10003.3 2214 -7364.07
-10003.3 -306 -7364.07
-7633.36 -306 -10626
-10003.3 -306 -7364.07
-7633.36 -306 -10626
-7887.28 -162 -10276.5
-7887.28 -162 -10276.5
-8056.56 -18 -10043.5
-8056.56 -18 -10043.5
-8352.81 198 -9635.79
-8352.81 198 -9635.79
-8736.36 502.285 -9107.87
-8736.36 502.285 -9107.87
-9029.57 790.285 -8704.31
-9029.57 790.285 -8704.31
-9368.5 1134 -8237.81
-9368.5 1134 -8237.81
-9664.74 1494 -7830.06
-9664.74 1494 -7830.06
-10003.3 2214 -7364.07
6 4 1 1 1 1
1 10 7 1 1 1
11 10 1 1 1 1
7 6 1 1 1 1
14 1 15 1 1 1
1 14 11 1 1 1
18 15 1 1 1 1
0 18 1 1 1 1
26 24 21 0 0 1
21 30 27 0 0 1
31 30 21 0 0 1
27 26 21 0 0 1
34 21 35 0 0 1
21 34 31 0 0 1
38 35 21 0 0 1
20 38 21 0 0 1
0 20 1 0.0 1.0 0.5019607843137255
1 21 20 0.0 1.0 0.5019607843137255
2 22 3 0.0 1.0 0.5019607843137255
3 23 22 0.0 1.0 0.5019607843137255
4 24 5 0.0 1.0 0.5019607843137255
5 25 24 0.0 1.0 0.5019607843137255
6 26 7 0.0 1.0 0.5019607843137255
7 27 26 0.0 1.0 0.5019607843137255
8 28 9 0.0 1.0 0.5019607843137255
9 29 28 0.0 1.0 0.5019607843137255
10 30 11 0.0 1.0 0.5019607843137255
11 31 30 0.0 1.0 0.5019607843137255
12 32 13 0.0 1.0 0.5019607843137255
13 33 32 0.0 1.0 0.5019607843137255
14 34 15 0.0 1.0 0.5019607843137255
15 35 34 0.0 1.0 0.5019607843137255
16 36 17 0.0 1.0 0.5019607843137255
17 37 36 0.0 1.0 0.5019607843137255
18 38 19 0.0 1.0 0.5019607843137255
19 39 38 0.0 1.0 0.5019607843137255
