obstacle5_1
40 36
2510.52 2189 4158
2510.52 -331 4158
6002.34 -331 6174
2510.52 -331 4158
6002.34 -331 6174
5628.22 -187 5958
5628.22 -187 5958
5378.8 -43 5814
5378.8 -43 5814
4942.32 173 5562
4942.32 173 5562
4377.21 477.285 5235.73
4377.21 477.285 5235.73
3945.21 765.285 4986.31
3945.21 765.285 4986.31
3445.83 1109 4698
3445.83 1109 4698
3009.35 1469 4446
3009.35 1469 4446
2510.52 2189 4158
3410.52 2189 2599.15
3410.52 -331 2599.15
6902.34 -331 4615.15
3410.52 -331 2599.15
6902.34 -331 4615.15
6528.22 -187 4399.15
6528.22 -187 4399.15
6278.8 -43 4255.15
6278.8 -43 4255.15
5842.32 173 4003.15
5842.32 173 4003.15
5277.21 477.285 3676.88
5277.21 477.285 3676.88
4845.21 765.285 3427.47
4845.21 765.285 3427.47
4345.83 1109 3139.15
4345.83 1109 3139.15
3909.35 1469 2887.15
3909.35 1469 2887.15
3410.52 2189 2599.15
26 24 21 1 1 1
21 30 27 1 1 1
31 30 21 1 1 1
27 26 21 1 1 1
34 21 35 1 1 1
21 34 31 1 1 1
38 35 21 1 1 1
20 38 21 1 1 1
26 24 21 0 0 1
21 30 27 0 0 1
31 30 21 0 0 1
27 26 21 0 0 1
34 21 35 0 0 1
21 34 31 0 0 1
38 35 21 0 0 1
20 38 21 0 0 1
0 20 1 0.0 1.0 0.5019607843137255
1 21 20 0.0 1.0 0.5019607843137255
2 22 3 0.0 1.0 0.5019607843137255
3 23 22 0.0 1.0 0.5019607843137255
4 24 5 0.0 1.0 0.5019607843137255
5 25 24 0.0 1.0 0.5019607843137255
6 26 7 0.0 1.0 0.5019607843137255
7 27 26 0.0 1.0 0.5019607843137255
8 28 9 0.0 1.0 0.5019607843137255
9 29 28 0.0 1.0 0.5019607843137255
10 30 11 0.0 1.0 0.5019607843137255
11 31 30 0.0 1.0 0.5019607843137255
12 32 13 0.0 1.0 0.5019607843137255
13 33 32 0.0 1.0 0.5019607843137255
14 34 15 0.0 1.0 0.5019607843137255
15 35 34 0.0 1.0 0.5019607843137255
16 36 17 0.0 1.0 0.5019607843137255
17 37 36 0.0 1.0 0.5019607843137255
18 38 19 0.0 1.0 0.5019607843137255
19 39 38 0.0 1.0 0.5019607843137255