body
52 84
50 675 150
150 662.5 150
450 575 175
750 675 150
875 487.5 150
750 450 162.5
687.5 375 175
675 275 175
550 162.5 175
325 150 175
250 237.5 150
0 125 150
0 175 150
250 262.5 150
250 312.5 150
287.5 375 150
150 625 150
62.5 650 150
450 525 150
187.5 625 150
312.5 400 150
450 475 175
650 275 175
550 175 175
350 175 175
287.5 325 175
50 675 0
150 662.5 0
450 575 -25
750 675 0
875 487.5 0
750 450 -12.5
687.5 375 -25
675 275 -25
550 162.5 -25
325 150 -25
250 237.5 0
0 125 0
0 175 0
250 262.5 0
250 312.5 0
287.5 375 0
150 625 0
62.5 650 0
450 525 0
187.5 625 0
312.5 400 0
450 475 -25
650 275 -25
550 175 -25
350 175 -25
287.5 325 -25
37 36 38 0.12 0.23 0.3
38 36 39 0.12 0.23 0.3
39 51 40 0.12 0.23 0.3
50 51 39 0.12 0.23 0.3
40 51 41 0.12 0.23 0.3
39 36 50 0.12 0.23 0.3
27 26 43 0.12 0.23 0.3
27 43 42 0.12 0.23 0.3
41 46 45 0.12 0.23 0.3
46 41 51 0.12 0.23 0.3
27 45 28 0.12 0.23 0.3
27 42 45 0.12 0.23 0.3
45 42 41 0.12 0.23 0.3
51 47 46 0.12 0.23 0.3
35 34 50 0.12 0.23 0.3
50 34 49 0.12 0.23 0.3
34 48 49 0.12 0.23 0.3
48 34 33 0.12 0.23 0.3
48 33 32 0.12 0.23 0.3
44 46 47 0.12 0.23 0.3
44 47 32 0.12 0.23 0.3
28 44 31 0.12 0.23 0.3
28 45 44 0.12 0.23 0.3
31 29 28 0.12 0.23 0.3
30 29 31 0.12 0.23 0.3
31 44 32 0.12 0.23 0.3
47 48 32 0.12 0.23 0.3
35 50 36 0.12 0.23 0.3
11 10 12 0.12 0.23 0.3
12 10 13 0.12 0.23 0.3
13 25 14 0.12 0.23 0.3
24 25 13 0.12 0.23 0.3
14 25 15 0.12 0.23 0.3
13 10 24 0.12 0.23 0.3
1 0 17 0.12 0.23 0.3
1 17 16 0.12 0.23 0.3
15 20 19 0.12 0.23 0.3
20 15 25 0.12 0.23 0.3
1 19 2 0.12 0.23 0.3
1 16 19 0.12 0.23 0.3
19 16 15 0.12 0.23 0.3
25 21 20 0.12 0.23 0.3
9 8 24 0.12 0.23 0.3
24 8 23 0.12 0.23 0.3
8 22 23 0.12 0.23 0.3
22 8 7 0.12 0.23 0.3
22 7 6 0.12 0.23 0.3
18 20 21 0.12 0.23 0.3
18 21 6 0.12 0.23 0.3
2 18 5 0.12 0.23 0.3
2 19 18 0.12 0.23 0.3
5 3 2 0.12 0.23 0.3
4 3 5 0.12 0.23 0.3
5 18 6 0.12 0.23 0.3
21 22 6 0.12 0.23 0.3
9 24 10 0.12 0.23 0.3
44 45 19 0.09 0.17 0.23
44 19 18 0.09 0.17 0.23
45 42 16 0.09 0.17 0.23
45 16 19 0.09 0.17 0.23
42 43 17 0.09 0.17 0.23
42 17 16 0.09 0.17 0.23
43 26 0 0.09 0.17 0.23
43 0 17 0.09 0.17 0.23
26 27 1 0.09 0.17 0.23
26 1 0 0.09 0.17 0.23
27 28 2 0.09 0.17 0.23
27 2 1 0.09 0.17 0.23
28 29 3 0.09 0.17 0.23
28 3 2 0.09 0.17 0.23
29 30 4 0.09 0.17 0.23
29 4 3 0.09 0.17 0.23
30 31 5 0.09 0.17 0.23
30 5 4 0.09 0.17 0.23
31 32 6 0.09 0.17 0.23
31 6 5 0.09 0.17 0.23
32 33 7 0.09 0.17 0.23
32 7 6 0.09 0.17 0.23
33 34 8 0.09 0.17 0.23
33 8 7 0.09 0.17 0.23
34 35 9 0.09 0.17 0.23
34 9 8 0.09 0.17 0.23
35 36 10 0.09 0.17 0.23
35 10 9 0.09 0.17 0.23
