obstacle3_1
24 18
-11500 -309 1452
-11500 1419 3180
-11500 1419 3180
-11500 -309 3180
-11500 1419 3180
-11500 1419 4332
-11500 -309 4332 
-11500 1419 4332
-11500 -309 3180
-11500 -309 4332
-11500 -309 1452
-11500 -309 3180
-13300 -309 1452
-13300 1419 3180
-13300 1419 3180
-13300 -309 3180
-13300 1419 3180
-13300 1419 4332
-13300 -309 4332
-13300 1419 4332
-13300 -309 3180
-13300 -309 4332
-13300 -309 1452
-13300 -309 3180
10 8 4 0.404 0.404 0.404 
4 6 7 0.404 0.404 0.404 
6 4 8 0.404 0.404 0.404 
22 20 16 0.404 0.404 0.404 
16 18 19 0.404 0.404 0.404 
18 16 20 0.404 0.404 0.404 
0 12 1 0.0 1.0 0.5019607843137255 
1 13 12 0.0 1.0 0.5019607843137255 
2 14 3 0.0 1.0 0.5019607843137255 
3 15 14 0.0 1.0 0.5019607843137255 
4 16 5 0.0 1.0 0.5019607843137255 
5 17 16 0.0 1.0 0.5019607843137255 
6 18 7 0.0 1.0 0.5019607843137255 
7 19 18 0.0 1.0 0.5019607843137255 
8 20 9 0.0 1.0 0.5019607843137255 
9 21 20 0.0 1.0 0.5019607843137255 
10 22 11 0.0 1.0 0.5019607843137255 
11 23 22 0.0 1.0 0.5019607843137255 