obstacle2_2
12 8
-10516 1422 -3008.19
-10516 -306 -3008.19
-10516 1422 -3008.19
-11956 -306 -514.033
-10516 -306 -3008.19
-11956 -306 -514.033
-12074.8 1422 -3908.19
-12074.8 -306 -3908.19
-12074.8 1422 -3908.19
-13514.8 -306 -1414.03
-12074.8 -306 -3908.19
-13514.8 -306 -1414.03
4 5 0 1 1 1
10 11 6 0 0 1
0 6 1 0.0 1.0 0.5019607843137255
1 7 6 0.0 1.0 0.5019607843137255
2 8 3 0.0 1.0 0.5019607843137255
3 9 8 0.0 1.0 0.5019607843137255
4 10 5 0.0 1.0 0.5019607843137255
5 11 10 0.0 1.0 0.5019607843137255