obstacle4_1
68 66
-3994.15 -331 11560
-6488.31 -331 10120
-3994.15 -331 11560
-4147.38 -207.107 11471.5
-4147.38 -207.107 11471.5
-4300.62 -83.2151 11383.1
-4300.62 -83.2151 11383.1
-4462.62 24.7849 11289.5
-4462.62 24.7849 11289.5
-4564.77 107.38 11230.6
-4564.77 107.38 11230.6
-4726.77 215.38 11137
-4726.77 215.38 11137
-4902.55 289.256 11035.5
-4902.55 289.256 11035.5
-5054.17 317 10948
-5054.17 317 10948
-5240.52 335.826 10840.4
-5240.52 335.826 10840.4
-5427.58 335.826 10732.4
-5427.58 335.826 10732.4
-5613.93 317 10624.8
-5613.93 317 10624.8
-5794.62 261.095 10520.5
-5794.62 261.095 10520.5
-5964.15 169.81 10422.6
-5964.15 169.81 10422.6
-6117.38 45.917 10334.2
-6117.38 45.917 10334.2
-6270.62 -77.9753 10245.7
-6270.62 -77.9753 10245.7
-6491.07 -332.534 10118.4
-3994.15 -331 11560
-6491.07 -332.534 10118.4
-3094.15 -331 10001.2
-5588.31 -331 8561.15
-3094.15 -331 10001.2
-3247.38 -207.107 9912.69
-3247.38 -207.107 9912.69
-3400.62 -83.2151 9824.22
-3400.62 -83.2151 9824.22
-3562.62 24.7849 9730.69
-3562.62 24.7849 9730.69
-3664.77 107.38 9671.71
-3664.77 107.38 9671.71
-3826.77 215.38 9578.18
-3826.77 215.38 9578.18
-4002.55 289.256 9476.69
-4002.55 289.256 9476.69
-4154.17 317 9389.15
-4154.17 317 9389.15
-4340.52 335.826 9281.56
-4340.52 335.826 9281.56
-4527.58 335.826 9173.56
-4527.58 335.826 9173.56
-4713.93 317 9065.98
-4713.93 317 9065.98
-4894.62 261.095 8961.66
-4894.62 261.095 8961.66
-5064.15 169.81 8863.78
-5064.15 169.81 8863.78
-5217.38 45.917 8775.31
-5217.38 45.917 8775.31
-5370.62 -77.9753 8686.84
-5370.62 -77.9753 8686.84
-5591.07 -332.534 8559.56
-3094.15 -331 10001.2
-5591.07 -332.534 8559.56
16 8 18 1 1 1
1 8 5 1 1 1
4 1 5 1 1 1
12 10 16 1 1 1
16 14 12 1 1 1
10 8 16 1 1 1
4 2 1 1 1 1
30 28 1 1 1 1
1 31 30 1 1 1
28 8 1 1 1 1
18 8 28 1 1 1
18 28 20 1 1 1
22 26 24 1 1 1
26 22 20 1 1 1
28 26 20 1 1 1
1 2 31 1 1 1
50 42 52 0 0 1
35 42 39 0 0 1
38 35 39 0 0 1
46 44 50 0 0 1
50 48 46 0 0 1
44 42 50 0 0 1
38 36 35 0 0 1
64 62 35 0 0 1
35 65 64 0 0 1
62 42 35 0 0 1
52 42 62 0 0 1
52 62 54 0 0 1
56 60 58 0 0 1
60 56 54 0 0 1
62 60 54 0 0 1
35 36 65 0 0 1
0 34 1 0.0 1.0 0.5019607843137255
1 35 34 0.0 1.0 0.5019607843137255
2 36 3 0.0 1.0 0.5019607843137255
3 37 36 0.0 1.0 0.5019607843137255
4 38 5 0.0 1.0 0.5019607843137255
5 39 38 0.0 1.0 0.5019607843137255
6 40 7 0.0 1.0 0.5019607843137255
7 41 40 0.0 1.0 0.5019607843137255
8 42 9 0.0 1.0 0.5019607843137255
9 43 42 0.0 1.0 0.5019607843137255
10 44 11 0.0 1.0 0.5019607843137255
11 45 44 0.0 1.0 0.5019607843137255
12 46 13 0.0 1.0 0.5019607843137255
13 47 46 0.0 1.0 0.5019607843137255
14 48 15 0.0 1.0 0.5019607843137255
15 49 48 0.0 1.0 0.5019607843137255
16 50 17 0.0 1.0 0.5019607843137255
17 51 50 0.0 1.0 0.5019607843137255
18 52 19 0.0 1.0 0.5019607843137255
19 53 52 0.0 1.0 0.5019607843137255
20 54 21 0.0 1.0 0.5019607843137255
21 55 54 0.0 1.0 0.5019607843137255
22 56 23 0.0 1.0 0.5019607843137255
23 57 56 0.0 1.0 0.5019607843137255
24 58 25 0.0 1.0 0.5019607843137255
25 59 58 0.0 1.0 0.5019607843137255
26 60 27 0.0 1.0 0.5019607843137255
27 61 60 0.0 1.0 0.5019607843137255
28 62 29 0.0 1.0 0.5019607843137255
29 63 62 0.0 1.0 0.5019607843137255
30 64 31 0.0 1.0 0.5019607843137255
31 65 64 0.0 1.0 0.5019607843137255
32 66 33 0.0 1.0 0.5019607843137255
33 67 66 0.0 1.0 0.5019607843137255