obstacle1
56 52
4020 -315 -10500
-2220 -315 -10500
4020 -315 -10500
3376.52 1304.83 -10500
3376.52 1304.83 -10500
2940 2205 -10500
2940 2205 -10500
2580 2925 -10500
2580 2925 -10500
2000.44 3390.87 -10500
2000.44 3390.87 -10500
1380 3825 -10500
1380 3825 -10500
960 4005 -10500
960 4005 -10500
600 4005 -10500
600 4005 -10500
360 3825 -10500
360 3825 -10500
-147.434 3270.93 -10500
-147.434 3270.93 -10500
-507.434 3270.93 -10500
-507.434 3270.93 -10500
-686.749 3223.86 -10500
-686.749 3223.86 -10500
-1137.8 2731.35 -10500
-1137.8 2731.35 -10500
-2220 -315 -10500
4020 -315 -11000
-2220 -315 -11000
4020 -315 -11000
3376.52 1304.83 -11000
3376.52 1304.83 -11000
2940 2205 -11000
2940 2205 -11000
2580 2925 -11000
2580 2925 -11000
2000.44 3390.87 -11000
2000.44 3390.87 -11000
1380 3825 -11000
1380 3825 -11000
960 4005 -11000
960 4005 -11000
600 4005 -11000
600 4005 -11000
360 3825 -11000
360 3825 -11000
-147.434 3270.93 -11000
-147.434 3270.93 -11000
-507.434 3270.93 -11000
-507.434 3270.93 -11000
-686.749 3223.86 -11000
-686.749 3223.86 -11000
-1137.8 2731.35 -11000
-1137.8 2731.35 -11000
-2220 -315 -11000
4 10 6 1 1 1
4 20 10 1 1 1
8 6 10 1 1 1
20 12 10 1 1 1
18 14 12 1 1 1
27 4 2 1 1 1
26 20 27 1 1 1
22 26 24 1 1 1
16 14 18 1 1 1
22 20 26 1 1 1
20 18 12 1 1 1
20 4 27 1 1 1
32 38 34 0 0 1
32 48 38 0 0 1
36 34 38 0 0 1
48 40 38 0 0 1
46 42 40 0 0 1
55 32 30 0 0 1
54 48 55 0 0 1
50 54 52 0 0 1
44 42 46 0 0 1
50 48 54 0 0 1
48 46 40 0 0 1
48 32 55 0 0 1
0 28 1 0.0 1.0 0.5019607843137255
1 29 28 0.0 1.0 0.5019607843137255
2 30 3 0.0 1.0 0.5019607843137255
3 31 30 0.0 1.0 0.5019607843137255
4 32 5 0.0 1.0 0.5019607843137255
5 33 32 0.0 1.0 0.5019607843137255
6 34 7 0.0 1.0 0.5019607843137255
7 35 34 0.0 1.0 0.5019607843137255
8 36 9 0.0 1.0 0.5019607843137255
9 37 36 0.0 1.0 0.5019607843137255
10 38 11 0.0 1.0 0.5019607843137255
11 39 38 0.0 1.0 0.5019607843137255
12 40 13 0.0 1.0 0.5019607843137255
13 41 40 0.0 1.0 0.5019607843137255
14 42 15 0.0 1.0 0.5019607843137255
15 43 42 0.0 1.0 0.5019607843137255
16 44 17 0.0 1.0 0.5019607843137255
17 45 44 0.0 1.0 0.5019607843137255
18 46 19 0.0 1.0 0.5019607843137255
19 47 46 0.0 1.0 0.5019607843137255
20 48 21 0.0 1.0 0.5019607843137255
21 49 48 0.0 1.0 0.5019607843137255
22 50 23 0.0 1.0 0.5019607843137255
23 51 50 0.0 1.0 0.5019607843137255
24 52 25 0.0 1.0 0.5019607843137255
25 53 52 0.0 1.0 0.5019607843137255
26 54 27 0.0 1.0 0.5019607843137255
27 55 54 0.0 1.0 0.5019607843137255