obstacle4_2
68 66
-1824.15 -331 12835
-4318.31 -331 11395
-1824.15 -331 12835
-1977.38 -207.107 12746.5
-1977.38 -207.107 12746.5
-2130.62 -83.2151 12658.1
-2130.62 -83.2151 12658.1
-2292.62 24.7849 12564.5
-2292.62 24.7849 12564.5
-2394.77 107.38 12505.6
-2394.77 107.38 12505.6
-2556.77 215.38 12412
-2556.77 215.38 12412
-2732.55 289.256 12310.5
-2732.55 289.256 12310.5
-2884.17 317 12223
-2884.17 317 12223
-3070.52 335.826 12115.4
-3070.52 335.826 12115.4
-3257.58 335.826 12007.4
-3257.58 335.826 12007.4
-3443.93 317 11899.8
-3443.93 317 11899.8
-3624.62 261.095 11795.5
-3624.62 261.095 11795.5
-3794.15 169.81 11697.6
-3794.15 169.81 11697.6
-3947.38 45.917 11609.2
-3947.38 45.917 11609.2
-4100.62 -77.9753 11520.7
-4100.62 -77.9753 11520.7
-4321.07 -332.534 11393.4
-1824.15 -331 12835
-4321.07 -332.534 11393.4
-924.153 -331 11276.2
-3418.31 -331 9836.15
-924.153 -331 11276.2
-1077.38 -207.107 11187.7
-1077.38 -207.107 11187.7
-1230.62 -83.2151 11099.2
-1230.62 -83.2151 11099.2
-1392.62 24.7849 11005.7
-1392.62 24.7849 11005.7
-1494.77 107.38 10946.7
-1494.77 107.38 10946.7
-1656.77 215.38 10853.2
-1656.77 215.38 10853.2
-1832.55 289.256 10751.7
-1832.55 289.256 10751.7
-1984.17 317 10664.2
-1984.17 317 10664.2
-2170.52 335.826 10556.6
-2170.52 335.826 10556.6
-2357.58 335.826 10448.6
-2357.58 335.826 10448.6
-2543.93 317 10341
-2543.93 317 10341
-2724.62 261.095 10236.7
-2724.62 261.095 10236.7
-2894.15 169.81 10138.8
-2894.15 169.81 10138.8
-3047.38 45.917 10050.3
-3047.38 45.917 10050.3
-3200.62 -77.9753 9961.84
-3200.62 -77.9753 9961.84
-3421.07 -332.534 9834.56
-924.153 -331 11276.2
-3421.07 -332.534 9834.56
50 42 52 1 1 1
35 42 39 1 1 1
38 35 39 1 1 1
46 44 50 1 1 1
50 48 46 1 1 1
44 42 50 1 1 1
38 36 35 1 1 1
64 62 35 1 1 1
35 65 64 1 1 1
62 42 35 1 1 1
52 42 62 1 1 1
52 62 54 1 1 1
56 60 58 1 1 1
60 56 54 1 1 1
62 60 54 1 1 1
35 36 65 1 1 1
50 42 52 0 0 1
35 42 39 0 0 1
38 35 39 0 0 1
46 44 50 0 0 1
50 48 46 0 0 1
44 42 50 0 0 1
38 36 35 0 0 1
64 62 35 0 0 1
35 65 64 0 0 1
62 42 35 0 0 1
52 42 62 0 0 1
52 62 54 0 0 1
56 60 58 0 0 1
60 56 54 0 0 1
62 60 54 0 0 1
35 36 65 0 0 1
0 34 1 0.0 1.0 0.5019607843137255
1 35 34 0.0 1.0 0.5019607843137255
2 36 3 0.0 1.0 0.5019607843137255
3 37 36 0.0 1.0 0.5019607843137255
4 38 5 0.0 1.0 0.5019607843137255
5 39 38 0.0 1.0 0.5019607843137255
6 40 7 0.0 1.0 0.5019607843137255
7 41 40 0.0 1.0 0.5019607843137255
8 42 9 0.0 1.0 0.5019607843137255
9 43 42 0.0 1.0 0.5019607843137255
10 44 11 0.0 1.0 0.5019607843137255
11 45 44 0.0 1.0 0.5019607843137255
12 46 13 0.0 1.0 0.5019607843137255
13 47 46 0.0 1.0 0.5019607843137255
14 48 15 0.0 1.0 0.5019607843137255
15 49 48 0.0 1.0 0.5019607843137255
16 50 17 0.0 1.0 0.5019607843137255
17 51 50 0.0 1.0 0.5019607843137255
18 52 19 0.0 1.0 0.5019607843137255
19 53 52 0.0 1.0 0.5019607843137255
20 54 21 0.0 1.0 0.5019607843137255
21 55 54 0.0 1.0 0.5019607843137255
22 56 23 0.0 1.0 0.5019607843137255
23 57 56 0.0 1.0 0.5019607843137255
24 58 25 0.0 1.0 0.5019607843137255
25 59 58 0.0 1.0 0.5019607843137255
26 60 27 0.0 1.0 0.5019607843137255
27 61 60 0.0 1.0 0.5019607843137255
28 62 29 0.0 1.0 0.5019607843137255
29 63 62 0.0 1.0 0.5019607843137255
30 64 31 0.0 1.0 0.5019607843137255
31 65 64 0.0 1.0 0.5019607843137255
32 66 33 0.0 1.0 0.5019607843137255
33 67 66 0.0 1.0 0.5019607843137255