start_platform
20 16
12535.8 2437.4 -2768
11471.7 2437.4 -3536
12535.8 2437.4 -2768
12535.8 -250.6 -2768
11471.7 2437.4 -3536
6882.41 -250.6 -6848
12535.8 -250.6 -2768
6882.41 -250.6 -6848
11471.7 2437.4 -3536
11471.7 -250.6 -3536
13495.8 2437.4 -4846.46
12431.7 2437.4 -5614.46
13495.8 2437.4 -4846.46
13495.8 -250.6 -4846.46
12431.7 2437.4 -5614.46
7842.41 -250.6 -8926.46
13495.8 -250.6 -4846.46
7842.41 -250.6 -8926.46
12431.7 2437.4 -5614.46
12431.7 -250.6 -5614.46
2 6 9 0.404 0.404 0.404
9 5 8 0.404 0.404 0.404
9 8 2 0.404 0.404 0.404
12 16 18 0.404 0.404 0.404
19 15 18 0.404 0.404 0.404
19 18 12 0.404 0.404 0.404
0 10 1 0.0 1.0 0.5019607843137255
1 11 10 0.0 1.0 0.5019607843137255
2 12 3 0.0 1.0 0.5019607843137255
3 13 12 0.0 1.0 0.5019607843137255
4 14 5 0.0 1.0 0.5019607843137255
5 15 14 0.0 1.0 0.5019607843137255
6 16 7 0.0 1.0 0.5019607843137255
7 17 16 0.0 1.0 0.5019607843137255
8 18 9 0.0 1.0 0.5019607843137255
9 19 18 0.0 1.0 0.5019607843137255