1 0 0 0 0 0 8831.46 417.203 8450.71 3.97935 -0.15708 0 -2.0944 -1.5708 6150 650 7850 0 0 0.0872665 0 0 0 -1.309 0.785398 -0.698132 -0.523599 0 0 0 -1.309 0.785398 -0.698132 -0.523599 0 0 0 0 0 0 -1.04719 -0.261799 0.174533 1.13446 -1.48353 0 0 -1.04719 -0.261799 0.174533 1.13446 -1.48353 0 0 3.14159 0.523603 3.14159 6349.98 -135.16 8050.28 0 0 0 
50 0 0 0 0 0 8831.46 417.203 8450.71 3.97935 -0.15708 0 -2.0944 -1.5708 5750 650.003 7157.18 0 0 0.0872665 0 0 0 -1.309 0.785398 -0.698132 -0.523599 0 0 0 -1.309 0.785398 -0.698132 -0.523599 0 0 0 0 0 0 -1.04719 -0.261799 0.174533 1.13446 -1.48353 0 0 -1.04719 -0.261799 0.174533 1.13446 -1.48353 0 0 3.14159 0.523603 3.14159 5949.98 -135.157 7357.46 0 0 0 
100 0 0 0 0 0 5335.18 188.43 7141.47 5.23598 0.366519 0 -2.0944 -1.5708 5750 650.003 7157.18 0 0 0.0872665 0 0 0 -1.309 0.785398 -0.698132 -0.523599 0 0 0 -1.309 0.785398 -0.698132 -0.523599 0 0 0 0 0 0 -1.04719 -0.261799 0.174533 1.13446 -1.48353 0 0 -1.04719 -0.261799 0.174533 1.13446 -1.48353 0 0 3.14159 0.523603 3.14159 5949.98 -135.157 7357.46 0 0 0 
150 0 0 0 0 0 5335.18 188.43 7141.47 5.23598 0.366519 0 -2.0944 -1.74533 5550 650.004 6810.77 0 0 0.0872665 0 0 0 -1.309 0.785398 -0.698132 -0.523599 0 0 0 -1.309 0.785398 -0.698132 -0.523599 0 0 0 0 0 0 -1.04719 -0.261799 0.174533 1.13446 -1.48353 0 0 -1.04719 -0.261799 0.174533 1.13446 -1.48353 0 0 2.94073 0.514853 3.04167 5679.74 -170.71 6889.38 0 0 0 
200 0 0 0 0 0 5335.18 188.43 7141.47 5.23598 0.366519 0 -2.0944 -1.8326 5500 650.005 6724.17 0 0 0.0872665 0 0 0 -1.309 0.785398 -0.698132 -0.523599 0 0 0 -1.309 0.785398 -0.698132 -0.523599 0 0 0 0 0 0 -1.04719 -0.261799 0.174533 1.13446 -1.48353 0 0 -1.04719 -0.261799 0.174533 1.13446 -1.48353 0 0 2.84153 0.504039 2.99326 5593.72 -179.174 6740.39 0 0 0 
250 0 0 0 0 0 5335.18 188.43 7141.47 5.23598 0.366519 0 -2.0944 -2.00713 5300 650.006 6377.76 0 0 0.0872665 0 0 0 -1.309 0.785398 -0.698132 -0.523599 0 0 0 -1.309 0.785398 -0.698132 -0.523599 0 0 0 0 0 0 -1.04719 -0.261799 0.174533 1.13446 -1.48353 0 0 -1.04719 -0.261799 0.174533 1.13446 -1.48353 0 0 2.64766 0.470304 2.90227 5321.27 -177.154 6268.49 0 0 0 
300 0 0 0 0 0 4755.98 188.43 6860.4 5.02655 0.366519 0 -2.0944 -2.00713 5114.05 776.793 6055.69 0 0 0.0872665 0 0 0 -1.309 0.785398 -0.698132 -0.523599 0 0 0 -1.309 0.785398 -0.698132 -0.523599 0 0 0 0 0 0 -1.04719 -0.261799 0.174533 1.13446 -1.48353 0 0 -1.04719 -0.261799 0.174533 1.13446 -1.48353 0 0 2.64766 0.470304 2.90227 5135.32 -50.3785 5946.42 0 0 0 
350 0 0 0 0 0 4755.98 188.43 6860.4 5.02655 0.366519 0 -2.0944 -2.00713 4706.21 1257.15 5349.29 0 0 0.0872665 0 0 0 -1.309 0.785398 -0.698132 -0.523599 0 0 0 -1.309 0.785398 -0.698132 -0.523599 0 0 0 0 0 0 -1.04719 -0.261799 0.174533 1.13446 -1.48353 0 0 -1.04719 -0.261799 0.174533 1.13446 -1.48353 0 0 2.64766 0.470304 2.90227 4727.48 429.979 5240.03 0 0 0 
400 0 0 0 0 0 3992.48 826.872 5627.6 5.13126 0.366519 0 -2.0944 -2.18167 4389.01 1552.99 4799.88 0 0 0.0872665 0 0 0 -1.309 0.785398 -0.698132 -0.523599 0 0 0 -1.309 0.785398 -0.698132 -0.523599 0 0 0 0 0 0 -1.04719 -0.261799 0.174533 1.13446 -1.48353 0 0 -1.04719 -0.261799 0.174533 1.13446 -1.48353 0 0 2.46167 0.421992 2.8218 4339.1 752.964 4567.32 0 0 0 
450 0 0 0 0 0 1805.28 1821.46 6127.15 5.13126 0.15708 0 -2.0944 -2.53073 3845.22 2360.14 3858.02 0 0 0.0872665 0 0 0 -1.309 0.785398 -0.698132 -0.523599 0 0 0 -1.309 0.785398 -0.698132 -0.523599 0 0 0 0 0 0 -1.04719 -0.261799 0.174533 1.13446 -1.48353 0 0 -1.04719 -0.261799 0.174533 1.13446 -1.48353 0 0 2.11591 0.290874 2.69982 3665.32 1685.77 3400.31 0 0 0 
500 0 0 0 0 0 1805.28 1821.46 6127.15 5.13126 0.15708 0 -2.0944 -2.618 3528.01 3155.97 3308.6 0 0 0.0872665 0 0 0 -1.309 0.785398 -0.698132 -0.523599 0 0 0 -1.309 0.785398 -0.698132 -0.523599 0 0 0 0 0 0 -1.04719 -0.261799 0.174533 1.13446 -1.48353 0 0 -1.04719 -0.261799 0.174533 1.13446 -1.48353 0 0 2.03444 0.252681 2.67794 3319.65 2526.56 2801.6 0 0 0 
550 0 0 0 0 0 -844.01 1821.46 4947.61 5.13126 0.15708 0 -2.0944 -1.8326 2848.27 4489.9 2131.28 0 0 0.0872665 0 0 0 -1.309 0.785398 -0.698132 -0.523599 0 0 0 -1.309 0.785398 -0.698132 -0.523599 0 0 0 0 0 0 -1.04719 -0.261799 0.174533 1.13446 -1.48353 0 0 -1.04719 -0.261799 0.174533 1.13446 -1.48353 0 0 2.84153 0.504038 2.99326 2942 3660.7 2147.5 0 0 0 
600 0 0 0 0 0 -844.01 1821.46 4947.61 5.13126 0.15708 0 -2.0944 -1.8326 2100.56 5187.22 836.219 0 0 0.0872665 0 0 0 -1.309 0.785398 -0.698132 -0.523599 0 0 0 -1.309 0.785398 -0.698132 -0.523599 0 0 0 0 0 0 -1.04719 -0.261799 0.174533 1.13446 -1.48353 0 0 -1.04719 -0.261799 0.174533 1.13446 -1.48353 0 0 2.84153 0.504038 2.99326 2194.29 4358.02 852.447 0 0 0 
650 0 0 0 0 1 -3950.07 1821.46 3564.71 5.13126 0.15708 0 -2.0944 -0.698136 577.798 4262.63 -1801.25 0 0 0.0872665 0 0 0 -1.309 0.785398 -0.698132 -0.523599 0 0 0 -1.309 0.785398 -0.698132 -0.523599 0 0 0 0 0 0 -1.04719 -0.261799 0.174533 1.13446 -1.48353 0 0 -1.04719 -0.261799 0.174533 1.13446 -1.48353 0 0 -2.19921 0.327203 -2.72518 1029.7 3967.41 -1164.66 0 0 0 
700 0 0 0 0 1 -3950.07 1821.46 3564.71 5.13126 0.15708 0 -2.0944 -0.698136 577.798 4262.63 -1801.25 0 0 0.0872665 0 0 0 -1.309 0.785398 -0.698132 -0.523599 0 0 0 -1.309 0.785398 -0.698132 -0.523599 0 0 0 0 0 0 -1.04719 -0.261799 0.174533 1.13446 -1.48353 0 0 -1.04719 -0.261799 0.174533 1.13446 -1.48353 0 0 -2.19921 0.327203 -2.72518 1029.7 3967.41 -1164.66 0 0 0 
750 0 0 0 0 0 -3950.07 1821.46 3564.71 5.13126 0.15708 0 -2.0944 -1.13447 288.54 2623.2 -2302.25 0 0 0.0872665 0 0 0 -1.309 0.785398 -0.698132 -0.523599 0 0 0 -1.309 0.785398 -0.698132 -0.523599 0 0 0 0 0 0 -1.04719 -0.261799 0.174533 1.13446 -1.48353 0 0 -1.04719 -0.261799 0.174533 1.13446 -1.48353 0 0 -2.64766 0.470303 -2.90227 641.642 2027.15 -1836.78 0 0 0 
800 0 0 0 0 0 -3950.07 1821.46 3564.71 5.13126 0.15708 0 -2.0944 -1.39627 288.54 2423.2 -2302.25 0 0 0.0872665 0 0 0 -1.309 0.785398 -0.698132 -0.523599 0 0 0 -1.309 0.785398 -0.698132 -0.523599 0 0 0 0 0 0 -1.04719 -0.261799 0.174533 1.13446 -1.48353 0 0 -1.04719 -0.261799 0.174533 1.13446 -1.48353 0 0 -2.94073 0.514852 -3.04167 554.632 1697.44 -1987.48 0 0 0 
