56 0 1 0 0 0 -5101.93 3295.2 -3675.87 1.0472 -0.15708 0.1309 -2.0944 -1.65807 -235.605 2312.42 -2690.48 0 0 0.0872665 0 0 0 -1.309 -0.785398 -0.174533 -0.523599 0 0.261799 0 -1.309 0.785398 -0.698132 -0.523599 0 0 0 0 0 0 -1.04719 -0.261799 0.174533 1.13446 -1.48353 0 0 -1.04719 -0.261799 0.174533 1.13446 -1.48353 0 0 3.17181 0.521406 3.09131 -70.3491 1531.58 -2446.34 0 0 0 
57 0 1 0 0 0 -5101.93 3295.2 -3675.87 1.0472 -0.15708 0.1309 -2.0944 -1.65807 -267.626 2310.74 -2746.2 0 0 0.0872665 0 0 0 -1.309 -0.785398 -0.174533 -0.523599 0 0.261799 0 -1.309 0.785398 -0.698132 -0.523599 0 0 0 0 0 0 -1.04719 -0.261799 0.174533 1.13446 -1.48353 0 0 -1.04719 -0.261799 0.174533 1.13446 -1.48353 0 0 3.17181 0.521406 3.09131 -102.37 1529.9 -2502.06 0 0 0 
58 0 1 0 0 0 -5101.93 3295.2 -3675.87 1.0472 -0.15708 0.1309 -2.0944 -1.65807 -299.647 2309.05 -2801.92 0 0 0.0872665 0 0 0 -1.309 -0.785398 -0.174533 -0.523599 0 0.261799 0 -1.309 0.785398 -0.698132 -0.523599 0 0 0 0 0 0 -1.04719 -0.261799 0.174533 1.13446 -1.48353 0 0 -1.04719 -0.261799 0.174533 1.13446 -1.48353 0 0 3.17181 0.521406 3.09131 -134.391 1528.21 -2557.78 0 0 0 
59 0 1 0 0 0 -5101.93 3295.2 -3675.87 1.0472 -0.15708 0.1309 -2.0944 -1.65807 -331.668 2307.37 -2857.63 0 0 0.0872665 0 0 0 -1.309 -0.785398 -0.174533 -0.523599 0 0.261799 0 -1.309 0.785398 -0.698132 -0.523599 0 0 0 0 0 0 -1.04719 -0.261799 0.174533 1.13446 -1.48353 0 0 -1.04719 -0.261799 0.174533 1.13446 -1.48353 0 0 3.17181 0.521406 3.09131 -166.412 1526.53 -2613.49 0 0 0 
60 0 1 0 0 0 -5101.93 3295.2 -3675.87 1.0472 -0.15708 0.1309 -2.0944 -1.65807 -363.689 2305.69 -2913.35 0 0 0.0872665 0 0 0 -1.309 -0.785398 -0.174533 -0.523599 0 0.261799 0 -1.309 0.785398 -0.698132 -0.523599 0 0 0 0 0 0 -1.04719 -0.261799 0.174533 1.13446 -1.48353 0 0 -1.04719 -0.261799 0.174533 1.13446 -1.48353 0 0 3.17181 0.521406 3.09131 -198.432 1524.85 -2669.21 0 0 0 
61 0 1 0 0 0 -5101.93 3295.2 -3675.87 1.0472 -0.15708 0.1309 -2.0944 -1.65807 -395.709 2304 -2969.07 0 0 0.0872665 0 0 0 -1.309 -0.785398 -0.174533 -0.523599 0 0.261799 0 -1.309 0.785398 -0.698132 -0.523599 0 0 0 0 0 0 -1.04719 -0.261799 0.174533 1.13446 -1.48353 0 0 -1.04719 -0.261799 0.174533 1.13446 -1.48353 0 0 3.17181 0.521406 3.09131 -230.453 1523.16 -2724.93 0 0 0 
62 0 1 0 0 0 -5101.93 3295.2 -3675.87 1.0472 -0.15708 0.1309 -2.0944 -1.65807 -427.73 2302.32 -3024.79 0 0 0.0872665 0 0 0 -1.309 -0.785398 -0.174533 -0.523599 0 0.261799 0 -1.309 0.785398 -0.698132 -0.523599 0 0 0 0 0 0 -1.04719 -0.261799 0.174533 1.13446 -1.48353 0 0 -1.04719 -0.261799 0.174533 1.13446 -1.48353 0 0 3.17181 0.521406 3.09131 -262.474 1521.48 -2780.65 0 0 0 
63 0 1 0 0 0 -5101.93 3295.2 -3675.87 1.0472 -0.15708 0.1309 -2.0944 -1.65807 -459.751 2300.63 -3080.51 0 0 0.0872665 0 0 0 -1.309 -0.785398 -0.174533 -0.523599 0 0.261799 0 -1.309 0.785398 -0.698132 -0.523599 0 0 0 0 0 0 -1.04719 -0.261799 0.174533 1.13446 -1.48353 0 0 -1.04719 -0.261799 0.174533 1.13446 -1.48353 0 0 3.17181 0.521406 3.09131 -294.495 1519.79 -2836.37 0 0 0 
64 0 1 0 0 0 -5101.93 3295.2 -3675.87 1.0472 -0.15708 0.1309 -2.0944 -1.65807 -491.772 2298.95 -3136.22 0 0 0.0872665 0 0 0 -1.309 -0.785398 -0.174533 -0.523599 0 0.261799 0 -1.309 0.785398 -0.698132 -0.523599 0 0 0 0 0 0 -1.04719 -0.261799 0.174533 1.13446 -1.48353 0 0 -1.04719 -0.261799 0.174533 1.13446 -1.48353 0 0 3.17181 0.521406 3.09131 -326.515 1518.11 -2892.08 0 0 0 
65 0 1 0 0 0 -5101.93 3295.2 -3675.87 1.0472 -0.15708 0.1309 -2.0944 -1.65807 -523.792 2297.27 -3191.94 0 0 0.0872665 0 0 0 -1.309 -0.785398 -0.174533 -0.523599 0 0.261799 0 -1.309 0.785398 -0.698132 -0.523599 0 0 0 0 0 0 -1.04719 -0.261799 0.174533 1.13446 -1.48353 0 0 -1.04719 -0.261799 0.174533 1.13446 -1.48353 0 0 3.17181 0.521406 3.09131 -358.536 1516.43 -2947.8 0 0 0 
66 0 1 0 0 0 -5101.93 3295.2 -3675.87 1.0472 -0.15708 0.1309 -2.0944 -1.65807 -555.813 2295.58 -3247.66 0 0 0.0872665 0 0 0 -1.309 -0.785398 -0.174533 -0.523599 0 0.261799 0 -1.309 0.785398 -0.698132 -0.523599 0 0 0 0 0 0 -1.04719 -0.261799 0.174533 1.13446 -1.48353 0 0 -1.04719 -0.261799 0.174533 1.13446 -1.48353 0 0 3.17181 0.521406 3.09131 -390.557 1514.74 -3003.52 0 0 0 
67 0 1 0 0 0 -5101.93 3295.2 -3675.87 1.0472 -0.15708 0.1309 -2.0944 -1.65807 -587.834 2293.9 -3303.38 0 0 0.0872665 0 0 0 -1.309 -0.785398 -0.174533 -0.523599 0 0.261799 0 -1.309 0.785398 -0.698132 -0.523599 0 0 0 0 0 0 -1.04719 -0.261799 0.174533 1.13446 -1.48353 0 0 -1.04719 -0.261799 0.174533 1.13446 -1.48353 0 0 3.17181 0.521406 3.09131 -422.578 1513.06 -3059.24 0 0 0 
68 0 1 0 0 0 -5101.93 3295.2 -3675.87 1.0472 -0.15708 0.1309 -2.0944 -1.65807 -619.855 2292.22 -3359.1 0 0 0.0872665 0 0 0 -1.309 -0.785398 -0.174533 -0.523599 0 0.261799 0 -1.309 0.785398 -0.698132 -0.523599 0 0 0 0 0 0 -1.04719 -0.261799 0.174533 1.13446 -1.48353 0 0 -1.04719 -0.261799 0.174533 1.13446 -1.48353 0 0 3.17181 0.521406 3.09131 -454.598 1511.38 -3114.95 0 0 0 
69 0 1 0 0 0 -5101.93 3295.2 -3675.87 1.0472 -0.15708 0.1309 -2.0944 -1.65807 -651.876 2290.53 -3414.81 0 0 0.0872665 0 0 0 -1.309 -0.785398 -0.174533 -0.523599 0 0.261799 0 -1.309 0.785398 -0.698132 -0.523599 0 0 0 0 0 0 -1.04719 -0.261799 0.174533 1.13446 -1.48353 0 0 -1.04719 -0.261799 0.174533 1.13446 -1.48353 0 0 3.17181 0.521406 3.09131 -486.619 1509.69 -3170.67 0 0 0 
70 0 1 0 0 0 -5101.93 3295.2 -3675.87 1.0472 -0.15708 0.1309 -2.0944 -1.65807 -683.896 2288.85 -3470.53 0 0 0.0872665 0 0 0 -1.309 -0.785398 -0.174533 -0.523599 0 0.261799 0 -1.309 0.785398 -0.698132 -0.523599 0 0 0 0 0 0 -1.04719 -0.261799 0.174533 1.13446 -1.48353 0 0 -1.04719 -0.261799 0.174533 1.13446 -1.48353 0 0 3.17181 0.521406 3.09131 -518.64 1508.01 -3226.39 0 0 0 
