1 1 1 1 1 0 -8540.37 4345.29 774.944 1.98968 0.0523599 -2.01166e-07 0.87266 -1.8326 6850.91 4057.85 -9310.37 0 0 0.0872665 0 0 0 -1.309 0.785398 -0.698132 -0.523599 0 0 0 -1.309 0.785398 -0.698132 -0.523599 0 0 0 0 0 0 -1.04719 -0.261799 0.174533 1.13446 -1.48353 0 0 -1.04719 -0.261799 0.174533 1.13446 -1.48353 0 0 0.336481 -0.669875 -0.213859 6755.84 3228.85 -9309.91 0 1.3411e-07 0 
20 1 1 1 1 0 -4109.68 4345.29 2747.62 1.98968 0.0523599 -2.01166e-07 0.87266 -1.04721 7747.39 4035.84 -8241.99 0 0 0.0872665 0 0 0 -1.309 0.785398 -0.698132 -0.523599 0 0 0 -1.309 0.785398 -0.698132 -0.523599 0 0 0 0 0 0 -1.04719 -0.261799 0.174533 1.13446 -1.48353 0 0 -1.04719 -0.261799 0.174533 1.13446 -1.48353 0 0 -0.645853 -0.590375 0.397246 7286.96 3492.61 -8676.96 0 1.3411e-07 0 
45 1 1 1 1 0 -4109.68 4345.29 2747.62 1.98968 0.0523599 -2.01166e-07 0.87266 -0.0872753 8976.48 2773.15 -6777.24 0 0 0.0872665 0 0 0 -1.309 0.785398 -0.698132 -0.523599 0 0 0 -1.309 0.785398 -0.698132 -0.523599 0 0 0 0 0 0 -1.04719 -0.261799 0.174533 1.13446 -1.48353 0 0 -1.04719 -0.261799 0.174533 1.13446 -1.48353 0 0 -1.50388 -0.0560503 0.696256 8402.48 2976.95 -7347.57 0 1.3411e-07 0 
85 1 1 1 1 0 -4109.68 4345.29 2747.62 1.98968 0.0523599 -2.01166e-07 0.87266 -1.39627 8976.48 723.155 -6777.24 0 0 0.0872665 0 0 0 -1.309 0.785398 -0.698132 -0.523599 0 0 0 -1.309 0.785398 -0.698132 -0.523599 0 0 0 0 0 0 -1.04719 -0.261799 0.174533 1.13446 -1.48353 0 0 -1.04719 -0.261799 0.174533 1.13446 -1.48353 0 0 -0.226241 -0.685454 0.144689 8659.86 -2.4942 -7040.85 0 1.3411e-07 0 
130 1 1 1 1 0 -1946.7 2351.06 1740.06 2.19911 0.0523599 -2.01166e-07 0.959926 -1.48354 8079.04 674.935 -7886.82 0 0 0.0872665 0 0 0 -1.309 0.785398 -0.698132 -0.523599 0 0 0 -1.309 0.785398 -0.698132 -0.523599 0 0 0 0 0 0 -1.04719 -0.261799 0.174533 1.13446 -1.48353 0 0 -1.04719 -0.261799 0.174533 1.13446 -1.48353 0 0 -0.106403 -0.608207 0.0609498 7823.76 -83.2888 -8123.95 0 1.3411e-07 0 
163 1 1 1 1 0 -1946.7 2351.06 1740.06 2.19911 0.0523599 -2.01166e-07 0.959926 -2.00714 9039.31 679.744 -6515.41 0 0 0.0872665 0 0 0 -1.309 0.785398 -0.698132 -0.523599 0 0 0 -1.309 0.785398 -0.698132 -0.523599 0 0 0 0 0 0 -1.04719 -0.261799 0.174533 1.13446 -1.48353 0 0 -1.04719 -0.261799 0.174533 1.13446 -1.48353 0 0 0.517506 -0.546663 -0.287714 9027.67 -147.229 -6404.61 0 1.3411e-07 0 
190 1 1 1 1 0 -1946.7 2351.06 1740.06 2.19911 0.0523599 -2.01166e-07 0.959926 -1.5708 10369.4 1148.4 -4615.83 0 0 0.0872665 0 0 0 -1.309 0.785398 -0.698132 -0.523599 0 0 0 -1.309 0.785398 -0.698132 -0.523599 0 0 0 0 0 0 -1.04719 -0.261799 0.174533 1.13446 -1.48353 0 0 -1.04719 -0.261799 0.174533 1.13446 -1.48353 0 0 -2.14881e-06 -0.610868 -1.55632e-06 10152.8 363.365 -4797.77 0 1.3411e-07 0 
220 1 1 1 1 0 -1946.7 2351.06 1740.06 2.19911 0.0523599 -2.01166e-07 0.959926 -1.39627 10713.6 1148.4 -4124.34 0 0 0.0872665 0 0 0 -1.309 0.785398 -0.698132 -0.523599 0 0 0 -1.309 0.785398 -0.698132 -0.523599 0 0 0 0 0 0 -1.04719 -0.261799 0.174533 1.13446 -1.48353 0 0 -1.04719 -0.261799 0.174533 1.13446 -1.48353 0 0 -0.212023 -0.600269 0.120995 10421.1 422.75 -4414.55 0 1.3411e-07 0 
250 1 1 1 1 0 -1946.7 2351.06 1740.06 2.19911 0.0523599 -2.01166e-07 0.959926 -2.0944 11113.5 1109.41 -3553.12 0 0 0.0872665 0 0 0 -1.309 0.785398 -0.698132 -0.523599 0 0 0 -1.309 0.785398 -0.698132 -0.523599 0 0 0 0 0 0 -1.04719 -0.261799 0.174533 1.13446 -1.48353 0 0 -1.04719 -0.261799 0.174533 1.13446 -1.48353 0 0 0.613949 -0.519832 -0.336772 11143.1 292.916 -3383.54 0 1.3411e-07 0 
275 1 1 1 1 0 -1946.7 2351.06 1740.06 2.19911 0.0523599 -2.01166e-07 1.43989 -1.74534 11742.1 1205.29 -2655.48 0 0 0.0872665 0 0 0 -1.309 0.785398 -0.698132 -0.523599 0 0 0 -1.309 0.785398 -0.698132 -0.523599 0 0 0 0 0 0 -1.04719 -0.261799 0.174533 1.13446 -1.48353 0 0 -1.04719 -0.261799 0.174533 1.13446 -1.48353 0 0 0.176006 -0.128902 -0.0228605 11652.3 384.727 -2777.61 0 0.349066 0 
288 1 1 1 1 0 -1946.7 2351.06 1740.06 1.36136 0.0523599 -2.01166e-07 1.43989 -1.5708 11942.7 1352.91 -1131.55 0 0 0.0872665 0 0 0 -1.309 0.785398 -0.698132 -0.523599 0 0 0 -1.309 0.785398 -0.698132 -0.523599 0 0 0 0 0 0 -1.04719 -0.261799 0.174533 1.13446 -1.48353 0 0 -1.04719 -0.261799 0.174533 1.13446 -1.48353 0 0 -1.79209e-06 -0.130902 -2.47478e-06 11834.6 567.865 -1392.95 0 0.349066 0 
300 1 1 1 1 0 -1946.7 2351.06 1740.06 1.36136 0.0523599 -2.01166e-07 1.43989 -1.13447 12107.8 922.732 122.004 0 0 0.0872665 0 0 0 -1.309 0.785398 -0.698132 -0.523599 0 0 0 -1.309 0.785398 -0.698132 -0.523599 0 0 0 0 0 0 -1.04719 -0.261799 0.174533 1.13446 -1.48353 0 0 -1.04719 -0.261799 0.174533 1.13446 -1.48353 0 0 -0.439634 -0.118577 0.055581 11959.7 326.733 -442.951 0 0.349066 0 
315 1 1 1 1 0 -1946.7 2351.06 1740.06 1.36136 0.0523599 -2.01166e-07 1.83259 -1.48354 12193.3 663.875 771.721 0 0 0.0872665 0 0 0 -1.309 0.785398 -0.698132 -0.523599 0 0 0 -1.309 0.785398 -0.698132 -0.523599 0 0 0 0 0 0 -1.04719 -0.261799 0.174533 1.13446 -1.48353 0 0 -1.04719 -0.261799 0.174533 1.13446 -1.48353 0 0 -0.0903305 0.260777 -0.0233517 12211 -94.3661 423.769 0 0.349066 0 
325 1 1 1 1 0 -1946.7 2351.06 1740.06 1.36136 0.0523599 -2.01166e-07 1.83259 -1.5708 11909.7 568.011 1830.2 0 0 0.0872665 0 0 0 -1.309 0.785398 -0.698132 -0.523599 0 0 0 -1.309 0.785398 -0.698132 -0.523599 0 0 0 0 0 0 -1.04719 -0.261799 0.174533 1.13446 -1.48353 0 0 -1.04719 -0.261799 0.174533 1.13446 -1.48353 0 0 -2.18044e-06 0.261796 -3.04975e-06 11909.9 -217.035 1547.33 0 0.349066 0 
340 0 0 0 0 0 8831.46 417.203 8450.71 3.97935 -0.15708 0 -2.0944 -1.5708 6150 650 7850 0 0 0.0872665 0 0 0 -1.309 0.785398 -0.698132 -0.523599 0 0 0 -1.309 0.785398 -0.698132 -0.523599 0 0 0 0 0 0 -1.04719 -0.261799 0.174533 1.13446 -1.48353 0 0 -1.04719 -0.261799 0.174533 1.13446 -1.48353 0 0 3.14159 0.523603 3.14159 6349.98 -135.16 8050.28 0 0 0 
360 0 0 0 0 0 8831.46 417.203 8450.71 3.97935 -0.15708 0 -2.0944 -1.5708 5750 650.003 7157.18 0 0 0.0872665 0 0 0 -1.309 0.785398 -0.698132 -0.523599 0 0 0 -1.309 0.785398 -0.698132 -0.523599 0 0 0 0 0 0 -1.04719 -0.261799 0.174533 1.13446 -1.48353 0 0 -1.04719 -0.261799 0.174533 1.13446 -1.48353 0 0 3.14159 0.523603 3.14159 5949.98 -135.157 7357.46 0 0 0 
384 0 0 0 0 0 5335.18 188.43 7141.47 5.23598 0.366519 0 -2.0944 -1.5708 5750 650.003 7157.18 0 0 0.0872665 0 0 0 -1.309 0.785398 -0.698132 -0.523599 0 0 0 -1.309 0.785398 -0.698132 -0.523599 0 0 0 0 0 0 -1.04719 -0.261799 0.174533 1.13446 -1.48353 0 0 -1.04719 -0.261799 0.174533 1.13446 -1.48353 0 0 3.14159 0.523603 3.14159 5949.98 -135.157 7357.46 0 0 0 
389 0 0 0 0 0 5335.18 188.43 7141.47 5.23598 0.366519 0 -2.0944 -1.74533 5550 650.004 6810.77 0 0 0.0872665 0 0 0 -1.309 0.785398 -0.698132 -0.523599 0 0 0 -1.309 0.785398 -0.698132 -0.523599 0 0 0 0 0 0 -1.04719 -0.261799 0.174533 1.13446 -1.48353 0 0 -1.04719 -0.261799 0.174533 1.13446 -1.48353 0 0 2.94073 0.514853 3.04167 5679.74 -170.71 6889.38 0 0 0 
394 0 0 0 0 0 5335.18 188.43 7141.47 5.23598 0.366519 0 -2.0944 -1.8326 5500 650.005 6724.17 0 0 0.0872665 0 0 0 -1.309 0.785398 -0.698132 -0.523599 0 0 0 -1.309 0.785398 -0.698132 -0.523599 0 0 0 0 0 0 -1.04719 -0.261799 0.174533 1.13446 -1.48353 0 0 -1.04719 -0.261799 0.174533 1.13446 -1.48353 0 0 2.84153 0.504039 2.99326 5593.72 -179.174 6740.39 0 0 0 
397 0 0 0 0 0 5335.18 188.43 7141.47 5.23598 0.366519 0 -2.0944 -2.00713 5300 650.006 6377.76 0 0 0.0872665 0 0 0 -1.309 0.785398 -0.698132 -0.523599 0 0 0 -1.309 0.785398 -0.698132 -0.523599 0 0 0 0 0 0 -1.04719 -0.261799 0.174533 1.13446 -1.48353 0 0 -1.04719 -0.261799 0.174533 1.13446 -1.48353 0 0 2.64766 0.470304 2.90227 5321.27 -177.154 6268.49 0 0 0 
403 0 0 0 0 0 4755.98 188.43 6860.4 5.02655 0.366519 0 -2.0944 -2.00713 5114.05 776.793 6055.69 0 0 0.0872665 0 0 0 -1.309 0.785398 -0.698132 -0.523599 0 0 0 -1.309 0.785398 -0.698132 -0.523599 0 0 0 0 0 0 -1.04719 -0.261799 0.174533 1.13446 -1.48353 0 0 -1.04719 -0.261799 0.174533 1.13446 -1.48353 0 0 2.64766 0.470304 2.90227 5135.32 -50.3785 5946.42 0 0 0 
408 0 0 0 0 0 4755.98 188.43 6860.4 5.02655 0.366519 0 -2.0944 -2.00713 4706.21 1257.15 5349.29 0 0 0.0872665 0 0 0 -1.309 0.785398 -0.698132 -0.523599 0 0 0 -1.309 0.785398 -0.698132 -0.523599 0 0 0 0 0 0 -1.04719 -0.261799 0.174533 1.13446 -1.48353 0 0 -1.04719 -0.261799 0.174533 1.13446 -1.48353 0 0 2.64766 0.470304 2.90227 4727.48 429.979 5240.03 0 0 0 
410 0 0 0 0 0 3992.48 826.872 5627.6 5.13126 0.366519 0 -2.0944 -2.18167 4389.01 1552.99 4799.88 0 0 0.0872665 0 0 0 -1.309 0.785398 -0.698132 -0.523599 0 0 0 -1.309 0.785398 -0.698132 -0.523599 0 0 0 0 0 0 -1.04719 -0.261799 0.174533 1.13446 -1.48353 0 0 -1.04719 -0.261799 0.174533 1.13446 -1.48353 0 0 2.46167 0.421992 2.8218 4339.1 752.964 4567.32 0 0 0 
414 0 0 0 0 0 1805.28 1821.46 6127.15 5.13126 0.15708 0 -2.0944 -2.53073 3845.22 2360.14 3858.02 0 0 0.0872665 0 0 0 -1.309 0.785398 -0.698132 -0.523599 0 0 0 -1.309 0.785398 -0.698132 -0.523599 0 0 0 0 0 0 -1.04719 -0.261799 0.174533 1.13446 -1.48353 0 0 -1.04719 -0.261799 0.174533 1.13446 -1.48353 0 0 2.11591 0.290874 2.69982 3665.32 1685.77 3400.31 0 0 0 
417 0 0 0 0 0 1805.28 1821.46 6127.15 5.13126 0.15708 0 -2.0944 -2.618 3528.01 3155.97 3308.6 0 0 0.0872665 0 0 0 -1.309 0.785398 -0.698132 -0.523599 0 0 0 -1.309 0.785398 -0.698132 -0.523599 0 0 0 0 0 0 -1.04719 -0.261799 0.174533 1.13446 -1.48353 0 0 -1.04719 -0.261799 0.174533 1.13446 -1.48353 0 0 2.03444 0.252681 2.67794 3319.65 2526.56 2801.6 0 0 0 
428 0 0 0 0 0 -844.01 1821.46 4947.61 5.13126 0.15708 0 -2.0944 -1.8326 2848.27 4489.9 2131.28 0 0 0.0872665 0 0 0 -1.309 0.785398 -0.698132 -0.523599 0 0 0 -1.309 0.785398 -0.698132 -0.523599 0 0 0 0 0 0 -1.04719 -0.261799 0.174533 1.13446 -1.48353 0 0 -1.04719 -0.261799 0.174533 1.13446 -1.48353 0 0 2.84153 0.504038 2.99326 2942 3660.7 2147.5 0 0 0 
438 0 0 0 0 0 -844.01 1821.46 4947.61 5.13126 0.15708 0 -2.0944 -1.8326 2100.56 5187.22 836.219 0 0 0.0872665 0 0 0 -1.309 0.785398 -0.698132 -0.523599 0 0 0 -1.309 0.785398 -0.698132 -0.523599 0 0 0 0 0 0 -1.04719 -0.261799 0.174533 1.13446 -1.48353 0 0 -1.04719 -0.261799 0.174533 1.13446 -1.48353 0 0 2.84153 0.504038 2.99326 2194.29 4358.02 852.447 0 0 0 
450 0 0 0 0 1 -3950.07 1821.46 3564.71 5.13126 0.15708 0 -2.0944 -0.698136 577.798 4262.63 -1801.25 0 0 0.0872665 0 0 0 -1.309 0.785398 -0.698132 -0.523599 0 0 0 -1.309 0.785398 -0.698132 -0.523599 0 0 0 0 0 0 -1.04719 -0.261799 0.174533 1.13446 -1.48353 0 0 -1.04719 -0.261799 0.174533 1.13446 -1.48353 0 0 -2.19921 0.327203 -2.72518 1029.7 3967.41 -1164.66 0 0 0 
463 0 0 0 0 1 -3950.07 1821.46 3564.71 5.13126 0.15708 0 -2.0944 -0.698136 577.798 4262.63 -1801.25 0 0 0.0872665 0 0 0 -1.309 0.785398 -0.698132 -0.523599 0 0 0 -1.309 0.785398 -0.698132 -0.523599 0 0 0 0 0 0 -1.04719 -0.261799 0.174533 1.13446 -1.48353 0 0 -1.04719 -0.261799 0.174533 1.13446 -1.48353 0 0 -2.19921 0.327203 -2.72518 1029.7 3967.41 -1164.66 0 0 0 
473 0 0 0 0 0 -3950.07 1821.46 3564.71 5.13126 0.15708 0 -2.0944 -1.13447 288.54 2623.2 -2302.25 0 0 0.0872665 0 0 0 -1.309 0.785398 -0.698132 -0.523599 0 0 0 -1.309 0.785398 -0.698132 -0.523599 0 0 0 0 0 0 -1.04719 -0.261799 0.174533 1.13446 -1.48353 0 0 -1.04719 -0.261799 0.174533 1.13446 -1.48353 0 0 -2.64766 0.470303 -2.90227 641.642 2027.15 -1836.78 0 0 0 
481 0 0 0 0 0 -3950.07 1821.46 3564.71 5.13126 0.15708 0 -2.0944 -1.39627 288.54 2423.2 -2302.25 0 0 0.0872665 0 0 0 -1.309 0.785398 -0.698132 -0.523599 0 0 0 -1.309 0.785398 -0.698132 -0.523599 0 0 0 0 0 0 -1.04719 -0.261799 0.174533 1.13446 -1.48353 0 0 -1.04719 -0.261799 0.174533 1.13446 -1.48353 0 0 -2.94073 0.514852 -3.04167 554.632 1697.44 -1987.48 0 0 0 
485 0 0 0 0 0 -3950.07 1821.46 3564.71 5.13126 0.15708 0 -2.0944 -1.39627 288.54 2423.2 -2302.25 0 0 0.0872665 0 0 0 -1.309 0.785398 -0.698132 -0.523599 0 0 0 -1.309 0.785398 -0.698132 -0.523599 0 0 0 0 0 0 -1.04719 -0.261799 0.174533 1.13446 -1.48353 0 0 -1.04719 -0.261799 0.174533 1.13446 -1.48353 0 0 -2.94073 0.514852 -3.04167 554.632 1697.44 -1987.48 0 0 0 
488 0 0 0 0 0 -1951.44 2023.47 -2789.84 1.88496 -0.15708 0 -2.0944 -1.52717 288.54 2273.2 -2302.25 0 0 0.0872665 0 0 0 -1.309 0.785398 -0.698132 -0.523599 0 0 0 -1.309 0.785398 -0.698132 -0.523599 0 0 0 0 0 0 -1.04719 -0.261799 0.174533 1.13446 -1.48353 0 0 -1.04719 -0.261799 0.174533 1.13446 -1.48353 0 0 -3.09122 0.523052 -3.11641 505.531 1500.7 -2072.52 0 0 0 
495 0 0 0 0 0 -1989.97 1851.85 -2671.26 1.88496 -0.15708 0.1309 -2.0944 -1.65807 -85.6055 2312.42 -2690.48 0 0 0.0872665 0 0 0 -1.309 0.785398 -0.698132 -0.523599 0 0 0 -1.309 0.785398 -0.698132 -0.523599 0 0 0 0 0 0 -1.04719 -0.261799 0.174533 1.13446 -1.48353 0 0 -1.04719 -0.261799 0.174533 1.13446 -1.48353 0 0 3.17181 0.521406 3.09131 79.6514 1531.58 -2446.34 0 0 0 
505 1 1 1 1 0 -4287.11 3037.07 -2264.51 1.0472 -0.15708 0.1309 -2.0944 -1.65807 -85.6055 2312.42 -2690.48 0 0 0.0872665 0 0 0 -1.309 0.523599 -0.174533 -0.523599 0 0 0 -1.309 0.785398 -0.698132 -0.523599 0 0 0 0 0 0 -1.04719 -0.261799 0.174533 1.13446 -1.48353 0 0 -1.04719 -0.261799 0.174533 1.13446 -1.48353 0 0 3.17181 0.521406 3.09131 79.6514 1531.58 -2446.34 0 0 0 
515 1 1 1 1 0 -4384.65 2764.23 -2433.46 1.0472 -0.15708 0.1309 -2.0944 -1.65807 -85.6055 2312.42 -2690.48 0 0 0.0872665 0 0 0 -1.309 -4.47035e-08 -0.174533 -0.523599 0 0 0 -1.309 0.785398 -0.698132 -0.523599 0 0 0 0 0 0 -1.04719 -0.261799 0.174533 1.13446 -1.48353 0 0 -1.04719 -0.261799 0.174533 1.13446 -1.48353 0 0 3.17181 0.521406 3.09131 79.6514 1531.58 -2446.34 0 0 0 
523 1 1 1 1 0 -4384.65 2764.23 -2433.46 1.0472 -0.15708 0.1309 -2.0944 -1.65807 -85.6055 2312.42 -2690.48 0 0 0.0872665 0 0 0 -1.309 -0.785398 -0.174533 -0.523599 0 0 0 -1.309 0.785398 -0.698132 -0.523599 0 0 0 0 0 0 -1.04719 -0.261799 0.174533 1.13446 -1.48353 0 0 -1.04719 -0.261799 0.174533 1.13446 -1.48353 0 0 3.17181 0.521406 3.09131 79.6514 1531.58 -2446.34 0 0 0 
526 1 1 1 1 0 -3534.61 2950.58 -961.148 1.0472 -0.15708 0.1309 -2.0944 -1.65807 -85.6055 2312.42 -2690.48 0 0 0.0872665 0 0 0 -1.309 -0.785398 -0.174533 -0.523599 0 -0.523599 0 -1.309 0.785398 -0.698132 -0.523599 0 0 0 0 0 0 -1.04719 -0.261799 0.174533 1.13446 -1.48353 0 0 -1.04719 -0.261799 0.174533 1.13446 -1.48353 0 0 3.17181 0.521406 3.09131 79.6514 1531.58 -2446.34 0 0 0 
530 1 1 1 1 0 -3534.61 2950.58 -961.148 1.0472 -0.15708 0.1309 -2.0944 -1.65807 -85.6055 2312.42 -2690.48 0 0 0.0872665 0 0 0 -1.309 -0.785398 -0.174533 -0.523599 0 -1.0472 0 -1.309 0.785398 -0.698132 -0.523599 0 0 0 0 0 0 -1.04719 -0.261799 0.174533 1.13446 -1.48353 0 0 -1.04719 -0.261799 0.174533 1.13446 -1.48353 0 0 3.17181 0.521406 3.09131 79.6514 1531.58 -2446.34 0 0 0 
536 1 1 1 1 0 -3534.61 2950.58 -961.148 1.0472 -0.15708 0.1309 -2.0944 -1.65807 -85.6055 2312.42 -2690.48 0 0 0.0872665 0 0 0 -1.309 -0.785398 -0.174533 -0.523599 0 -7.45058e-08 0 -1.309 0.785398 -0.698132 -0.523599 0 0 0 0 0 0 -1.04719 -0.261799 0.174533 1.13446 -1.48353 0 0 -1.04719 -0.261799 0.174533 1.13446 -1.48353 0 0 3.17181 0.521406 3.09131 79.6514 1531.58 -2446.34 0 0 0 
541 1 1 1 1 0 -3534.61 2950.58 -961.148 1.0472 -0.15708 0.1309 -2.0944 -1.65807 -85.6055 2312.42 -2690.48 0 0 0.0872665 0 0 0 -1.309 -0.785398 -0.174533 -0.523599 0 0.261799 0 -1.309 0.785398 -0.698132 -0.523599 0 0 0 0 0 0 -1.04719 -0.261799 0.174533 1.13446 -1.48353 0 0 -1.04719 -0.261799 0.174533 1.13446 -1.48353 0 0 3.17181 0.521406 3.09131 79.6514 1531.58 -2446.34 0 0 0 
