1 1 1 1 1 0 -1556.08 2544.38 -11842.1 2.93215 -0.15708 0.261799 -1.48353 -1.78896 -10734.4 605.181 -4137.11 0 0 0.0872665 0 0 0 -1.309 0.785398 -0.698132 -0.523599 0 0 0 -1.309 0.785398 -0.698132 -0.523599 0 0 0 0 0 0 -1.04719 -0.261799 0.174533 1.13446 -1.48353 0 0 -1.04719 -0.261799 0.174533 1.13446 -1.48353 0 0 -3.09877 -0.0851907 -3.12267 -10670.1 -165.621 -3824.16 0 -0.174533 0 
50 1 1 1 1 0 -3247.03 2414.97 -8509.54 3.87463 -0.261799 0.392699 -0.959932 -1.91986 -11089.3 588.247 -4726.63 0 0 0.0872665 0 0 0 -1.309 0.785398 -0.698132 -0.523599 0 0 0 -1.309 0.785398 -0.698132 -0.523599 0 0 0 0 0 0 -1.04719 -0.261799 0.174533 1.13446 -1.48353 0 0 -1.04719 -0.261799 0.174533 1.13446 -1.48353 0 0 3.11617 -0.569229 -2.90655 -11022.7 -167.253 -4378.77 0 -0.174533 0 
100 1 1 1 0 0 -5304.77 2202.94 -7589.67 4.50295 -0.366519 0.130899 -0.567233 -1.78896 -10740.7 676.154 -6338.18 0 0 0.0872665 0 0 0 -1.309 0.785398 -0.698132 -0.523599 0 0 0 -1.309 0.785398 -0.698132 -0.523599 0 0 0 0 0 0 -1.04719 -0.261799 0.174533 1.13446 -1.48353 0 0 -1.04719 -0.261799 0.174533 1.13446 -1.48353 0 0 2.88117 -0.967372 -2.8141 -10783.1 -127.487 -6117.78 0 -0.174533 0 
150 1 1 1 0 0 -5312.12 577.613 -8681.12 3.56047 -0.366519 0.130899 -0.567233 -2.05076 -9789.66 786.576 -6944.05 0 0 0.0872665 0 0 0 -1.309 0.785398 -0.698132 -0.523599 0 0 0 -1.309 0.785398 -0.698132 -0.523599 0 0 0 0 0 0 -1.04719 -0.261799 0.174533 1.13446 -1.48353 0 0 -1.04719 -0.261799 0.174533 1.13446 -1.48353 0 0 2.50292 -0.845187 -2.51443 -9649.09 -29.2425 -6839.65 0 -0.174533 0 
200 1 1 1 0 0 -6168.3 1873.04 -6311.98 4.08407 0.0523599 -3.50177e-07 -0.698132 -2.05076 -8498.76 1545.88 -7931.17 0 0 0.0872665 0 0 0 -1.309 0.785398 -0.698132 -0.523599 0 0 0 -1.309 0.785398 -0.698132 -0.523599 0 0 0 0 0 0 -1.04719 -0.261799 0.174533 1.13446 -1.48353 0 0 -1.04719 -0.261799 0.174533 1.13446 -1.48353 0 0 2.46087 -0.747063 -2.63854 -8359.78 723.417 -7952.47 0 -0.174533 0 
250 1 1 1 0 0 -7612.66 1904.44 -6003.22 4.08407 0.0523599 -3.50177e-07 -0.698132 -2.31256 -7887.22 2111.45 -8444.32 0 0 0.0872665 0 0 0 -1.309 0.785398 -0.698132 -0.523599 0 0 0 -1.309 0.785398 -0.698132 -0.523599 0 0 0 0 0 0 -1.04719 -0.261799 0.174533 1.13446 -1.48353 0 0 -1.04719 -0.261799 0.174533 1.13446 -1.48353 0 0 2.18252 -0.60017 -2.46374 -7588.31 1348.1 -8599.85 0 -0.174533 0 
300 1 1 1 0 0 -8679.22 3991.73 -665.429 4.81711 -0.0523599 -3.50177e-07 -0.698132 -2.31256 -7021.52 3131.04 -9170.71 0 0 0.0872665 0 0 0 -1.309 0.785398 -0.698132 -0.523599 0 0 0 -1.309 0.785398 -0.698132 -0.523599 0 0 0 0 0 0 -1.04719 -0.261799 0.174533 1.13446 -1.48353 0 0 -1.04719 -0.261799 0.174533 1.13446 -1.48353 0 0 2.18252 -0.60017 -2.46374 -6722.62 2367.68 -9326.25 0 -0.174533 0 
310 1 1 1 0 0 -7847.69 4463.64 -103.908 4.39823 0.0523599 -3.50177e-07 -0.567233 -2.31256 -7021.52 3131.04 -9170.71 0 0 0.0872665 0 0 0 -1.309 0.785398 -0.698132 -0.523599 0 0 0 -1.309 0.785398 -0.698132 -0.523599 0 0 0 0 0 0 -1.04719 -0.261799 0.174533 1.13446 -1.48353 0 0 -1.04719 -0.261799 0.174533 1.13446 -1.48353 0 0 2.10113 -0.67105 -2.32687 -6704.88 2367.68 -9285.89 0 0.0872664 0 
350 1 1 1 0 0 -7268.31 4502.89 -1074.63 3.97935 0.0523599 -3.65078e-07 -0.567233 -2.70526 -6237.09 4340.81 -9824.48 0 0 0.0872665 0 0 0 -1.309 0.785398 -0.698132 -0.523599 0 0 0 -1.309 0.785398 -0.698132 -0.523599 0 0 0 0 0 0 -1.04719 -0.261799 0.174533 1.13446 -1.48353 0 0 -1.04719 -0.261799 0.174533 1.13446 -1.48353 0 0 1.81629 -0.364441 -2.1835 -5695.18 3761.43 -10083.2 0 0.0872664 0 
400 1 1 1 0 0 -7268.31 4502.89 -1074.63 3.97935 0.0523599 -3.65078e-07 -0.567233 -3.31612 -5487.09 4490.81 -9824.48 0 0 0.0872665 0 0 0 -1.309 0.785398 -0.698132 -0.523599 0 0 0 -1.309 0.785398 -0.698132 -0.523599 0 0 0 0 0 0 -1.04719 -0.261799 0.174533 1.13446 -1.48353 0 0 -1.04719 -0.261799 0.174533 1.13446 -1.48353 0 0 1.47634 0.146988 -2.145 -4755.81 4358.08 -10203.8 0 0.0872664 0 
425 1 1 1 0 0 -11960 4370.67 -7439.34 7.53982 0.15708 -3.65078e-07 -0.567233 -3.97062 -5037.09 4490.81 -9824.48 0 0 0.0872665 0 0 0 -1.309 0.785398 -0.698132 -0.523599 0 0 0 -1.309 0.785398 -0.698132 -0.523599 0 0 0 0 0 0 -1.04719 -0.261799 0.174533 1.13446 -1.48353 0 0 -1.04719 -0.261799 0.174533 1.13446 -1.48353 0 0 1.04047 0.671062 -2.32687 -4380.69 4885.05 -10156.1 0 0.0872664 0 
450 1 1 1 0 0 -9498.62 4341.97 -6608.69 8.69174 0.0523599 -3.65078e-07 -0.567233 -5.01782 -4437.09 4340.81 -10574.5 0 0 0.0872665 0 0 0 -1.309 0.785398 -0.698132 -0.523599 0 0 0 -1.309 0.785398 -0.698132 -0.523599 0 0 0 0 0 0 -1.04719 -0.261799 0.174533 1.13446 -1.48353 0 0 -1.04719 -0.261799 0.174533 1.13446 -1.48353 0 0 -0.530688 0.934596 2.70056 -4377.23 5171.68 -10526.1 0 0.0872664 0 
500 1 1 1 0 0 -11772.7 4381.22 -7321.81 8.06341 0.0523599 -3.65078e-07 -0.567233 -5.80323 -3537.09 3440.81 -11624.5 0 0 0.0872665 0 0 0 -1.309 0.785398 -0.698132 -0.523599 0 0 0 -1.309 0.785398 -0.698132 -0.523599 0 0 0 0 0 0 -1.04719 -0.261799 0.174533 1.13446 -1.48353 0 0 -1.04719 -0.261799 0.174533 1.13446 -1.48353 0 0 -1.29808 0.400013 2.19363 -3978.79 4045.63 -11256.6 0 0.0872664 0 
550 1 1 1 0 0 -12137.3 3272.08 -6634 7.85398 -0.575959 -3.65078e-07 -0.567233 -6.71953 -2187.09 2390.81 -11624.5 0 0 0.0872665 0 0 0 -1.309 0.785398 -0.698132 -0.523599 0 0 0 -1.309 0.785398 -0.698132 -0.523599 0 0 0 0 0 0 -1.04719 -0.261799 0.174533 1.13446 -1.48353 0 0 -1.04719 -0.261799 0.174533 1.13446 -1.48353 0 0 -1.81631 -0.364455 2.18348 -2845.36 2306.63 -11118.7 0 0.0872664 0 
600 1 1 1 0 1 -11837.3 2826.01 -5671.7 7.85398 -0.575959 -3.65078e-07 -0.567233 -6.85043 -1983.17 1561.29 -11754.4 0 0 0.0872665 0 0 0 -1.309 0.785398 -0.698132 -0.523599 0 0 0 -1.309 0.785398 -0.698132 -0.523599 0 0 0 0 0 0 -1.04719 -0.261799 0.174533 1.13446 -1.48353 0 0 -1.04719 -0.261799 0.174533 1.13446 -1.48353 0 0 -1.90061 -0.470309 2.21772 -2626.23 1369.91 -11258.4 0 0.0872664 0 
650 1 1 1 0 1 -11837.3 2826.01 -5671.7 7.85398 -0.575959 -3.65078e-07 -0.567233 -6.85043 -1711.27 1055.26 -11927.6 0 0 0.0872665 0 0 0 -1.309 0.785398 -0.698132 -0.523599 0 0 0 -1.309 0.785398 -0.698132 -0.523599 0 0 0 0 0 0 -1.04719 -0.261799 0.174533 1.13446 -1.48353 0 0 -1.04719 -0.261799 0.174533 1.13446 -1.48353 0 0 -1.90061 -0.470309 2.21772 -2354.33 863.879 -11431.6 0 0.0872664 0 
675 1 1 1 0 0 -14114.9 2348.86 -3371.13 7.33038 -0.575959 -3.94881e-07 -0.436333 -7.24313 -1638.23 1378.75 -11961.7 0 0 0.0872665 0 0 0 -1.309 0.785398 -0.698132 -0.523599 0 0 0 -1.309 0.785398 -0.698132 -0.523599 0 0 0 0 0 0 -1.04719 -0.261799 0.174533 1.13446 -1.48353 0 0 -1.04719 -0.261799 0.174533 1.13446 -1.48353 0 0 -2.11386 -0.836661 2.25341 -2218.36 892.389 -11610.8 0 0.0872664 0 
700 1 1 1 0 0 -14331.3 1626.68 -2195.04 7.01622 -0.0523599 -3.94881e-07 -0.436333 -7.37403 -1169.09 1049.23 -12213.9 0 0 0.0872665 0 0 0 -1.309 0.785398 -0.698132 -0.523599 0 0 0 -1.309 0.785398 -0.698132 -0.523599 0 0 0 0 0 0 -1.04719 -0.261799 0.174533 1.13446 -1.48353 0 0 -1.04719 -0.261799 0.174533 1.13446 -1.48353 0 0 -2.25275 -0.93384 2.36112 -1686.47 479.07 -11892.3 0 0.0872664 0 
750 1 1 1 0 0 -14632.4 1626.68 -1860.62 7.01622 -0.0523599 -3.94881e-07 -0.436333 -7.63583 -949.956 819.702 -12466 0 0 0.0872665 0 0 0 -1.309 0.785398 -0.698132 -0.523599 0 0 0 -1.309 0.785398 -0.698132 -0.523599 0 0 0 0 0 0 -1.04719 -0.261799 0.174533 1.13446 -1.48353 0 0 -1.04719 -0.261799 0.174533 1.13446 -1.48353 0 0 -2.65853 -1.08612 2.70706 -1314.92 112.446 -12215.5 0 0.0872664 0 
775 1 1 1 0 0 -15417.6 1626.68 -506.664 6.49262 -0.0523599 -3.94881e-07 -0.436333 -7.89763 -803.865 566.687 -12534.2 0 0 0.0872665 0 0 0 -1.309 0.785398 -0.698132 -0.523599 0 0 0 -1.309 0.785398 -0.698132 -0.523599 0 0 0 0 0 0 -1.04719 -0.261799 0.174533 1.13446 -1.48353 0 0 -1.04719 -0.261799 0.174533 1.13446 -1.48353 0 0 3.0386 -1.13242 -3.04829 -989.441 -229.482 -12367.3 0 0.0872664 0 
825 1 1 1 0 0 -15417.6 1626.68 -506.664 6.49262 -0.0523599 -3.94881e-07 -0.0436339 -7.89763 167.752 622.907 -12600.9 0 0 0.0872665 0 0 0 -1.309 0.785398 -0.698132 -0.523599 0 0 0 -1.309 0.785398 -0.698132 -0.523599 0 0 0 0 0 0 -1.04719 -0.261799 0.174533 1.13446 -1.48353 0 0 -1.04719 -0.261799 0.174533 1.13446 -1.48353 0 0 2.35557 -1.50908 -2.35653 -67.5578 -173.264 -12517.7 0 0.0872664 0 
