1 1 1 1 1 1 0 2000 -2000 1.5708 -0.785398 0 -2.0944 -1.5708 -4200 3300 12050 0 0 0.0872665 0 0 0 -1.309 0.785398 -0.698132 -0.523599 0 0 0 -1.309 0.785398 -0.698132 -0.523599 0 0 0 0 0 0 -1.04719 -0.261799 0.174533 1.13446 -1.48353 0 0 -1.04719 -0.261799 0.174533 1.13446 -1.48353 0 0 0 2.61799 0 -4000 2515 12250 0 0 0 
51 1 1 1 1 0 11306.8 2638.14 -2918.48 -1.0472 -0.0523599 0 -2.0944 -1.309 -4250 3300 11963.4 0 0 0.0872665 0 0 0 -1.309 0.785398 -0.698132 -0.523599 0 0 0 -1.309 0.785398 -0.698132 -0.523599 0 0 0 0 0 0 -1.04719 -0.261799 0.174533 1.13446 -1.48353 0 0 -1.04719 -0.261799 0.174533 1.13446 -1.48353 0 0 -2.84153 0.504039 -2.99326 -3953.07 2612.46 12331.3 0 0 0 
71 1 1 1 1 0 11228 2496.2 -2781.96 -1.0472 -0.0523599 0 -2.0944 -1.1781 -4450 3250 11617 0 0 0.0872665 0 0 0 -1.309 0.785398 -0.698132 -0.523599 0 0 0 -1.309 0.785398 -0.698132 -0.523599 0 0 0 0 0 0 -1.04719 -0.261799 0.174533 1.13446 -1.48353 0 0 -1.04719 -0.261799 0.174533 1.13446 -1.48353 0 0 -2.69546 0.480184 -2.92414 -4110.2 2629.3 12059.1 0 0 0 
86 1 1 1 1 0 10727.5 2685.24 -2215.13 -1.0472 -0.0523599 0 -2.0944 -1.09083 -4675 3100 11227.3 0 0 0.0872665 0 0 0 -1.309 0.785398 -0.698132 -0.523599 0 0 0 -1.309 0.785398 -0.698132 -0.523599 0 0 0 0 0 0 -1.04719 -0.261799 0.174533 1.13446 -1.48353 0 0 -1.04719 -0.261799 0.174533 1.13446 -1.48353 0 0 -2.60036 0.459508 -2.88106 -4309.2 2529.84 11714.5 0 0 0 
151 1 1 1 1 0 6593.74 934.808 -3455.19 -1.0472 -0.0523599 0 -2.0944 -1.09083 -6773.6 1095.24 7592.44 0 0 0.0872665 0 0 0 -1.309 0.785398 -0.698132 -0.523599 0 0 0 -1.309 0.785398 -0.698132 -0.523599 0 0 0 0 0 0 -1.04719 -0.261799 0.174533 1.13446 -1.48353 0 0 -1.04719 -0.261799 0.174533 1.13446 -1.48353 0 0 -2.60036 0.459508 -2.88106 -6407.8 525.079 8079.62 0 0 0 
166 1 1 1 1 0 6593.74 934.808 -3455.19 -1.0472 -0.0523599 0 -2.0944 -1.09083 -6951 910.545 7285.17 0 0 0.0872665 0 0 0 -1.309 0.785398 -0.698132 -0.523599 0 0 0 -1.309 0.785398 -0.698132 -0.523599 0 0 0 0 0 0 -1.04719 -0.261799 0.174533 1.13446 -1.48353 0 0 -1.04719 -0.261799 0.174533 1.13446 -1.48353 0 0 -2.60036 0.459508 -2.88106 -6585.21 340.381 7772.35 0 0 0 
181 1 1 1 1 0 6589.81 785.014 -3448.39 -1.0472 -0.0523599 0 -2.0944 -1.26537 -7017.53 841.283 7169.95 0 0 0.0872665 0 0 0 -1.309 0.785398 -0.698132 -0.523599 0 0 0 -1.309 0.785398 -0.698132 -0.523599 0 0 0 0 0 0 -1.04719 -0.261799 0.174533 1.13446 -1.48353 0 0 -1.04719 -0.261799 0.174533 1.13446 -1.48353 0 0 -2.79243 0.49708 -2.96969 -6705.83 174.758 7563.43 0 0 0 
191 1 1 1 1 0 6561.07 758.846 -6246.4 -1.46608 0.0523599 0 -2.0944 -1.26537 -7065.22 811.213 7087.35 0 0 0.0872665 0 0 0 -1.309 0.785398 -0.698132 -0.523599 0 0 0 -1.309 0.785398 -0.698132 -0.523599 0 0 0 0 0 0 -1.04719 -0.261799 0.174533 1.13446 -1.48353 0 0 -1.04719 -0.261799 0.174533 1.13446 -1.48353 0 0 -2.79243 0.49708 -2.96969 -6753.52 144.687 7480.83 0 -0.174533 0 
201 1 1 1 1 0 5567.23 226.726 -5833.08 -1.0472 -0.0523599 0 -2.18167 -1.35263 -7112.9 781.143 7004.76 0 0 0.0872665 0 0 0 -1.309 0.785398 -0.698132 -0.523599 0 0 0 -1.309 0.785398 -0.698132 -0.523599 0 0 0 0 0 0 -1.04719 -0.261799 0.174533 1.13446 -1.48353 0 0 -1.04719 -0.261799 0.174533 1.13446 -1.48353 0 0 -2.87728 0.594365 -2.99118 -6802.5 73.8716 7320.45 0 -0.174533 0 
211 1 1 1 1 0 5567.23 226.726 -5833.08 -1.0472 -0.0523599 0 -2.18167 -1.48353 -7279.81 675.897 6715.68 0 0 0.0872665 0 0 0 -1.309 0.785398 -0.698132 -0.523599 0 0 0 -1.309 0.785398 -0.698132 -0.523599 0 0 0 0 0 0 -1.04719 -0.261799 0.174533 1.13446 -1.48353 0 0 -1.04719 -0.261799 0.174533 1.13446 -1.48353 0 0 -3.03519 0.608206 -3.08064 -7024.5 -82.3153 6952.69 0 -0.174533 0 
231 1 1 1 1 0 6194.63 709.606 -6088.17 -1.46608 0.0523599 0 -2.3562 -1.48353 -7303.65 660.862 6674.39 0 0 0.0872665 0 0 0 -1.309 0.785398 -0.698132 -0.523599 0 0 0 -1.309 0.785398 -0.698132 -0.523599 0 0 0 0 0 0 -1.04719 -0.261799 0.174533 1.13446 -1.48353 0 0 -1.04719 -0.261799 0.174533 1.13446 -1.48353 0 0 -3.01849 0.781603 -3.05466 -7011.06 -97.3502 6863.45 0 -0.174533 0 
256 1 1 1 1 0 5917.35 1105.28 -6085.61 4.81711 -0.261799 0 -2.57437 -1.48353 -7518.12 647.789 6578.34 0 0 0.0872665 0 0 0 -1.309 0.785398 -0.698132 -0.523599 0 0 0 -1.309 0.785398 -0.698132 -0.523599 0 0 0 0 0 0 -1.04719 -0.261799 0.174533 1.13446 -1.48353 0 0 -1.04719 -0.261799 0.174533 1.13446 -1.48353 0 0 -2.98018 0.997622 -3.00563 -7191.55 -110.423 6699.59 0 -0.174533 0 
281 1 1 1 1 0 5917.35 1105.28 -6085.61 4.81711 -0.261799 0 -2.79253 -1.48353 -7708.9 626 6418.25 0 0 0.0872665 0 0 0 -1.309 0.785398 -0.698132 -0.523599 0 0 0 -1.309 0.785398 -0.698132 -0.523599 0 0 0 0 0 0 -1.04719 -0.261799 0.174533 1.13446 -1.48353 0 0 -1.04719 -0.261799 0.174533 1.13446 -1.48353 0 0 -2.89116 1.21142 -2.90656 -7363.83 -132.212 6465.94 0 -0.174533 0 
291 1 1 1 1 0 3658.43 1372.64 -7653.6 6.07374 -0.261799 0 -3.0107 -1.5708 -8097.79 595.487 6232.09 0 0 0.0872665 0 0 0 -1.309 0.785398 -0.698132 -0.523599 0 0 0 -1.309 0.785398 -0.698132 -0.523599 0 0 0 0 0 0 -1.04719 -0.261799 0.174533 1.13446 -1.48353 0 0 -1.04719 -0.261799 0.174533 1.13446 -1.48353 0 0 3.14159 1.4399 3.14159 -7817.37 -189.525 6195.16 0 0.0872664 0 
306 1 1 1 1 0 3811.15 1740.07 -10269.5 7.01622 -0.261799 -0.349066 -2.92343 -1.4399 -8537.12 495.487 6234.69 0 0 0.0872665 0 0 0 -1.309 0.785398 -0.698132 -0.523599 0 0 0 -1.309 0.785398 -0.698132 -0.523599 0 0 0 0 0 0 -1.04719 -0.261799 0.174533 1.13446 -1.48353 0 0 -1.04719 -0.261799 0.174533 1.13446 -1.48353 0 0 -2.94418 1.31691 -2.60947 -8156.8 -205.553 5989.46 0 0.349066 0 
331 1 1 1 1 0 7291.27 1376.55 -11156.2 8.69174 -0.366519 -7.45058e-09 -2.92343 -1.5708 -8537.12 595.487 6234.69 0 0 0.0872665 0 0 0 -1.309 0.785398 -0.698132 -0.523599 0 0 0 -1.309 0.785398 -0.698132 -0.523599 0 0 0 0 0 0 -1.04719 -0.261799 0.174533 1.13446 -1.48353 0 0 -1.04719 -0.261799 0.174533 1.13446 -1.48353 0 0 3.14159 1.35263 3.14159 -8254.55 -189.525 6222.35 0 0.349066 0 
356 1 1 1 1 0 6071.65 1409.07 -11953.4 8.16814 -0.366519 0.0436332 -2.53073 -1.61443 -9513.41 595.487 6318.26 0 0 0.0872665 0 0 0 -1.309 0.785398 -0.698132 -0.523599 0 0 0 -1.309 0.785398 -0.698132 -0.523599 0 0 0 0 0 0 -1.04719 -0.261799 0.174533 1.13446 -1.48353 0 0 -1.04719 -0.261799 0.174533 1.13446 -1.48353 0 0 3.10925 0.958576 3.07937 -9275.91 -196.581 6429.85 0 0.349066 0 
366 1 1 1 1 0 9041.77 1750.94 -11850.5 2.72271 0.15708 0.0436332 -2.0944 -1.65806 -9889.51 609.574 6141.37 0 0 0.0872665 0 0 0 -1.309 0.785398 -0.698132 -0.523599 0 0 0 -1.309 0.785398 -0.698132 -0.523599 0 0 0 0 0 0 -1.04719 -0.261799 0.174533 1.13446 -1.48353 0 0 -1.04719 -0.261799 0.174533 1.13446 -1.48353 0 0 3.08454 0.521406 3.09131 -9724.28 -189.394 6316.21 0 0.349066 0 
386 1 1 1 1 1 9041.77 1750.94 -11850.5 2.72271 0.15708 0.0436332 -1.91986 -1.65806 -10045.9 628.433 5974.07 0 0 0.0872665 0 0 0 -1.309 0.785398 -0.698132 -0.523599 0 0 0 -1.309 0.785398 -0.698132 -0.523599 0 0 0 0 0 0 -1.04719 -0.261799 0.174533 1.13446 -1.48353 0 0 -1.04719 -0.261799 0.174533 1.13446 -1.48353 0 0 3.09239 0.347684 3.10987 -9907.41 -169.377 6175.44 0 0.349066 0 
399 1 1 1 1 1 7963.92 1831.98 -11206.4 2.72271 0.0523599 0.0436332 -1.78897 -1.65806 -10345.9 578.433 5974.07 0 0 0.0872665 0 0 0 -1.309 0.785398 -0.698132 -0.523599 0 0 0 -1.309 0.785398 -0.698132 -0.523599 0 0 0 0 0 0 -1.04719 -0.261799 0.174533 1.13446 -1.48353 0 0 -1.04719 -0.261799 0.174533 1.13446 -1.48353 0 0 3.09585 0.217326 3.12227 -10230.3 -218.652 6192.07 0 0.0872666 0 
421 1 1 1 1 0 7473.29 2479.27 -12119.6 2.51327 -0.471239 -0.218166 -1.74533 -1.65806 -10633.1 627.547 4901.06 0 0 0.0872665 0 0 0 -1.309 0.785398 -0.698132 -0.523599 0 0 0 -1.309 0.785398 -0.698132 -0.523599 0 0 0 0 0 0 -1.04719 -0.261799 0.174533 1.13446 -1.48353 0 0 -1.04719 -0.261799 0.174533 1.13446 -1.48353 0 0 2.83482 0.173865 3.12622 -10525.6 -199.854 4910.09 0 0.0872666 0 
441 1 1 1 1 0 7473.29 2479.27 -12119.6 2.51327 -0.471239 -0.698132 -1.74533 -1.65806 -10643.8 629.78 4852.29 0 0 0.0872665 0 0 0 -1.309 0.785398 -0.698132 -0.523599 0 0 0 -1.309 0.785398 -0.698132 -0.523599 0 0 0 0 0 0 -1.04719 -0.261799 0.174533 1.13446 -1.48353 0 0 -1.04719 -0.261799 0.174533 1.13446 -1.48353 0 0 2.35485 0.173865 3.12622 -10536.4 -108.3 4478.24 0 0.0872666 0 
461 1 1 1 1 0 6475.57 1559.64 -12092.3 2.82743 0.0523599 -0.872665 -1.74533 -1.65806 -10661.1 599.518 4782.74 0 0 0.0872665 0 0 0 -1.309 0.785398 -0.698132 -0.523599 0 0 0 -1.309 0.785398 -0.698132 -0.523599 0 0 0 0 0 0 -1.04719 -0.261799 0.174533 1.13446 -1.48353 0 0 -1.04719 -0.261799 0.174533 1.13446 -1.48353 0 0 2.18032 0.173864 3.12622 -10553.7 -62.3935 4286.21 0 0.0872666 0 
481 1 1 1 1 0 6397.74 1523.15 -10902 2.72271 0.0523599 -1.09083 -1.74533 -1.65806 -10687.1 704.124 4578.41 0 0 0.0872665 0 0 0 -1.309 0.785398 -0.698132 -0.523599 0 0 0 -1.309 0.785398 -0.698132 -0.523599 0 0 0 0 0 0 -1.04719 -0.261799 0.174533 1.13446 -1.48353 0 0 -1.04719 -0.261799 0.174533 1.13446 -1.48353 0 0 1.96216 0.173864 3.12622 -10579.6 165.372 3950.39 0 0.349066 0 
511 1 1 1 1 0 4113.82 1504.13 -12691.5 1.78024 -0.366519 -1.09083 -1.61443 -1.65806 -10773.9 1189.23 4336.85 0 0 0.0872665 0 0 0 -1.309 0.785398 -0.698132 -0.523599 0 0 0 -1.309 0.785398 -0.698132 -0.523599 0 0 0 0 0 0 -1.04719 -0.261799 0.174533 1.13446 -1.48353 0 0 -1.04719 -0.261799 0.174533 1.13446 -1.48353 0 0 1.96341 0.0434694 3.13778 -10691.9 639.46 3714.56 0 0.0872666 0 
531 1 1 1 1 0 5446.45 2287.62 -13264.7 2.30383 0.0523599 -1.0472 -1.61443 -1.65806 -10806.5 1881.51 4050.17 0 0 0.0872665 0 0 0 -1.309 0.785398 -0.698132 -0.523599 0 0 0 -1.309 0.785398 -0.698132 -0.523599 0 0 0 0 0 0 -1.04719 -0.261799 0.174533 1.13446 -1.48353 0 0 -1.04719 -0.261799 0.174533 1.13446 -1.48353 0 0 2.00705 0.0434694 3.13778 -10724.5 1305.12 3452.45 0 0.0872666 0 
561 1 1 1 1 0 3956.72 2311.17 -14001.3 2.30383 0.0523599 -1.0472 -1.61443 -1.61443 -10839.1 2573.79 3763.48 0 0 0.0872665 0 0 0 -1.309 0.785398 -0.698132 -0.523599 0 0 0 -1.309 0.785398 -0.698132 -0.523599 0 0 0 0 0 0 -1.04719 -0.261799 0.174533 1.13446 -1.48353 0 0 -1.04719 -0.261799 0.174533 1.13446 -1.48353 0 0 2.05072 0.043594 3.13968 -10755.6 1971.98 3191.59 0 0.0872666 0 
601 1 1 1 1 0 5719.51 2269.74 -12987.4 2.82743 0.575959 -1.0472 -1.61443 -1.61443 -10795.7 2706.72 3644.29 0 0 0.0872665 0 0 0 -1.309 0.785398 -0.698132 -0.523599 0 0 0 -1.309 0.785398 -0.698132 -0.523599 0 0 0 0 0 0 -1.04719 -0.261799 0.174533 1.13446 -1.48353 0 0 -1.04719 -0.261799 0.174533 1.13446 -1.48353 0 0 2.05072 0.0435939 3.13968 -10712.1 2104.91 3072.39 0 0.0872666 0 
631 1 1 1 1 0 4251.01 3493.63 -8596.26 4.08407 -0.0523599 -0.959931 -1.61443 -1.61443 -10802.2 2839.64 3575.1 0 0 0.0872665 0 0 0 -1.309 0.785398 -0.698132 -0.523599 0 0 0 -1.309 0.785398 -0.698132 -0.523599 0 0 0 0 0 0 -1.04719 -0.261799 0.174533 1.13446 -1.48353 0 0 -1.04719 -0.261799 0.174533 1.13446 -1.48353 0 0 2.13799 0.0435939 3.13968 -10718.6 2190.28 3057.83 0 0.0872666 0 
661 1 1 1 1 0 3044.71 3005 -9000.66 4.81711 -0.0523599 -0.785398 -1.61443 -1.65806 -10824 3282.74 3344.46 0 0 0.0872665 0 0 0 -1.309 0.785398 -0.698132 -0.523599 0 0 0 -1.309 0.785398 -0.698132 -0.523599 0 0 0 0 0 0 -1.04719 -0.261799 0.174533 1.13446 -1.48353 0 0 -1.04719 -0.261799 0.174533 1.13446 -1.48353 0 0 2.26884 0.0434693 3.13778 -10742 2571.29 2916.29 0 0.0872666 0 
681 1 1 1 1 0 2440.61 3083.5 -7557.95 4.81711 -0.0523599 -0.479966 -1.5708 -1.7017 -10850.1 3664.45 3067.7 0 0 0.0872665 0 0 0 -1.309 0.785398 -0.698132 -0.523599 0 0 0 -1.309 0.785398 -0.698132 -0.523599 0 0 0 0 0 0 -1.04719 -0.261799 0.174533 1.13446 -1.48353 0 0 -1.04719 -0.261799 0.174533 1.13446 -1.48353 0 0 2.53073 2.21035e-06 3.14158 -10776.9 2864.73 2841.19 0 0.0872666 0 
711 1 1 1 1 0 4381.3 3012.85 -9274.56 4.08407 0.575959 -0.436332 -1.5708 -1.74533 -10874.1 3901.85 2814 0 0 0.0872665 0 0 0 -1.309 0.785398 -0.698132 -0.523599 0 0 0 -1.309 0.785398 -0.698132 -0.523599 0 0 0 0 0 0 -1.04719 -0.261799 0.174533 1.13446 -1.48353 0 0 -1.04719 -0.261799 0.174533 1.13446 -1.48353 0 0 2.53073 2.18814e-06 3.14158 -10800.9 3102.13 2587.49 0 0.0872666 0 
721 1 1 1 1 0 850.072 4704.87 -8035.57 4.81711 -0.366519 -0.436332 -1.5708 -1.74533 -10891.5 4106.33 2479.49 0 0 0.0872665 0 0 0 -1.309 0.785398 -0.698132 -0.523599 0 0 0 -1.309 0.785398 -0.698132 -0.523599 0 0 0 0 0 0 -1.04719 -0.261799 0.174533 1.13446 -1.48353 0 0 -1.04719 -0.261799 0.174533 1.13446 -1.48353 0 0 2.53073 2.19186e-06 3.14158 -10818.4 3306.61 2252.99 0 0.0872666 0 
761 1 1 1 1 0 850.072 4704.87 -8035.57 4.81711 -0.366519 -0.261799 -1.5708 -1.74533 -10946 5214.07 1902.9 0 0 0.0872665 0 0 0 -1.309 0.785398 -0.698132 -0.523599 0 0 0 -1.309 0.785398 -0.698132 -0.523599 0 0 0 0 0 0 -1.04719 -0.261799 0.174533 1.13446 -1.48353 0 0 -1.04719 -0.261799 0.174533 1.13446 -1.48353 0 0 2.70526 2.19186e-06 3.14158 -10872.8 4387.16 1818.71 0 0.0872666 0 
781 1 1 1 1 0 -298.244 5458.81 -9210.09 5.65486 -0.366519 0.305432 -1.5708 -1.74533 -10950.4 5453.04 1379.91 0 0 0.0872665 0 0 0 -1.309 0.785398 -0.698132 -0.523599 0 0 0 -1.309 0.785398 -0.698132 -0.523599 0 0 0 0 0 0 -1.04719 -0.261799 0.174533 1.13446 -1.48353 0 0 -1.04719 -0.261799 0.174533 1.13446 -1.48353 0 0 -3.01069 2.19185e-06 3.14158 -10877.2 4710.4 1753.21 0 0.0872666 0 
791 1 1 1 1 0 -1068.36 4246.46 -7538.09 5.65486 -0.0523599 0.523599 -1.5708 -1.74533 -10950.4 5299.13 957.05 0 0 0.0872665 0 0 0 -1.309 0.785398 -0.698132 -0.523599 0 0 0 -1.309 0.785398 -0.698132 -0.523599 0 0 0 0 0 0 -1.04719 -0.261799 0.174533 1.13446 -1.48353 0 0 -1.04719 -0.261799 0.174533 1.13446 -1.48353 0 0 -2.79253 2.19185e-06 3.14158 -10877.2 4654.88 1482.23 0 0.0872666 0 
806 1 1 1 1 0 -986.809 4650.16 -7833.58 4.71239 0.261799 0.654498 -1.5708 -1.74533 -11000.4 4792.61 252.28 0 0 0.0872665 0 0 0 -1.309 0.785398 -0.698132 -0.523599 0 0 0 -1.309 0.785398 -0.698132 -0.523599 0 0 0 0 0 0 -1.04719 -0.261799 0.174533 1.13446 -1.48353 0 0 -1.04719 -0.261799 0.174533 1.13446 -1.48353 0 0 -2.66163 2.19185e-06 3.14158 -10927.2 4222.44 857.065 0 0.0872666 0 
816 1 1 1 1 0 -2022.93 4693.65 -9087.25 5.55014 0.15708 0.829031 -1.5708 -1.74533 -10800.4 4505.8 -123.597 0 0 0.0872665 0 0 0 -1.309 0.785398 -0.698132 -0.523599 0 0 0 -1.309 0.785398 -0.698132 -0.523599 0 0 0 0 0 0 -1.04719 -0.261799 0.174533 1.13446 -1.48353 0 0 -1.04719 -0.261799 0.174533 1.13446 -1.48353 0 0 -2.4871 2.19185e-06 3.14158 -10727.2 4049.31 571.012 0 0.0872666 0 
826 1 1 1 1 0 -2462 4735.35 -8992.41 5.65486 0.0523599 0.698132 -1.5708 -1.74533 -10750.4 4284.79 -593.443 0 0 0.0872665 0 0 0 -1.309 0.785398 -0.698132 -0.523599 0 0 0 -1.309 0.785398 -0.698132 -0.523599 0 0 0 0 0 0 -1.04719 -0.261799 0.174533 1.13446 -1.48353 0 0 -1.04719 -0.261799 0.174533 1.13446 -1.48353 0 0 -2.61799 2.19185e-06 3.14158 -10677.2 3741.54 35.6368 0 0.0872666 0 
831 1 1 1 1 0 -49.093 4321.53 -8913.73 4.81711 -0.261799 0.698132 -1.5708 -1.74533 -10750.4 4083.49 -734.397 0 0 0.0872665 0 0 0 -1.309 0.785398 -0.698132 -0.523599 0 0 0 -1.309 0.785398 -0.698132 -0.523599 0 0 0 0 0 0 -1.04719 -0.261799 0.174533 1.13446 -1.48353 0 0 -1.04719 -0.261799 0.174533 1.13446 -1.48353 0 0 -2.61799 2.19185e-06 3.14158 -10677.2 3540.23 -105.317 0 0.0872666 0 
837 1 1 1 1 0 -2386.33 4757.86 -8232.41 5.23598 -0.0523599 0.785398 -1.5708 -1.74533 -10700.4 3895.38 -1251.23 0 0 0.0872665 0 0 0 -1.309 0.785398 -0.698132 -0.523599 0 0 0 -1.309 0.785398 -0.698132 -0.523599 0 0 0 0 0 0 -1.04719 -0.261799 0.174533 1.13446 -1.48353 0 0 -1.04719 -0.261799 0.174533 1.13446 -1.48353 0 0 -2.53073 2.19185e-06 3.14158 -10627.2 3409.02 -577.195 0 0.349066 0 
846 1 1 1 1 0 -783.164 3857.55 -7551.69 4.92183 0.261799 1.0472 -1.5708 -1.74533 -10700.4 3694.07 -1392.18 0 0 0.0872665 0 0 0 -1.309 0.785398 -0.698132 -0.523599 0 0 0 -1.309 0.785398 -0.698132 -0.523599 0 0 0 0 0 0 -1.04719 -0.261799 0.174533 1.13446 -1.48353 0 0 -1.04719 -0.261799 0.174533 1.13446 -1.48353 0 0 -2.26893 2.19185e-06 3.14158 -10627.2 3398.74 -615.234 0 0.349066 0 
851 1 1 1 1 0 -2713.7 3236.39 -13815.9 7.85398 0.261799 1.39626 -1.5708 -1.74533 -10700.4 2824.85 -1996.07 0 0 0.0872665 0 0 0 -1.309 0.785398 -0.698132 -0.523599 0 0 0 -1.309 0.785398 -0.698132 -0.523599 0 0 0 0 0 0 -1.04719 -0.261799 0.174533 1.13446 -1.48353 0 0 -1.04719 -0.261799 0.174533 1.13446 -1.48353 0 0 -1.91986 2.19185e-06 3.14158 -10627.2 2813.06 -1164.97 0 0.0872666 0 
858 1 1 1 1 0 -4513.71 2772.85 -15907.3 7.85398 0.0523599 1.1781 -1.5708 -1.78896 -10700.4 1699.01 -2646.07 0 0 0.0872665 0 0 0 -1.309 0.785398 -0.698132 -0.523599 0 0 0 -1.309 0.785398 -0.698132 -0.523599 0 0 0 0 0 0 -1.04719 -0.261799 0.174533 1.13446 -1.48353 0 0 -1.04719 -0.261799 0.174533 1.13446 -1.48353 0 0 -2.18166 2.16443e-06 3.14158 -10627.2 1472.52 -1846.34 0 0.0872666 0 
862 1 1 1 1 0 -4513.71 2772.85 -15907.3 7.85398 0.0523599 0.916298 -1.5708 -1.78896 -10700.4 1309.3 -2871.07 0 0 0.0872665 0 0 0 -1.309 0.785398 -0.698132 -0.523599 0 0 0 -1.309 0.785398 -0.698132 -0.523599 0 0 0 0 0 0 -1.04719 -0.261799 0.174533 1.13446 -1.48353 0 0 -1.04719 -0.261799 0.174533 1.13446 -1.48353 0 0 -2.44346 2.16443e-06 3.14158 -10627.2 883.54 -2157.21 0 0.0872666 0 
868 1 1 1 1 0 -4663.71 2772.85 -15907.3 7.85398 0.0523599 0.785398 -1.5708 -1.78896 -10700.4 929.864 -3150.89 0 0 0.0872665 0 0 0 -1.309 0.785398 -0.698132 -0.523599 0 0 0 -1.309 0.785398 -0.698132 -0.523599 0 0 0 0 0 0 -1.04719 -0.261799 0.174533 1.13446 -1.48353 0 0 -1.04719 -0.261799 0.174533 1.13446 -1.48353 0 0 -2.57436 2.16443e-06 3.14158 -10627.2 414.564 -2498.71 0 0.0872666 0 
876 1 1 1 1 0 -3788.61 1654.13 -12848.7 8.16813 -0.261799 0.261799 -1.61443 -1.78896 -10702.5 637.717 -3388.5 0 0 0.0872665 0 0 0 -1.309 0.785398 -0.698132 -0.523599 0 0 0 -1.309 0.785398 -0.698132 -0.523599 0 0 0 0 0 0 -1.04719 -0.261799 0.174533 1.13446 -1.48353 0 0 -1.04719 -0.261799 0.174533 1.13446 -1.48353 0 0 -3.09816 0.0426004 3.13213 -10625.3 -135.485 -3084.51 0 -0.174533 0 
881 1 1 1 1 0 -1556.08 2544.38 -11842.1 2.93215 -0.15708 0.261799 -1.48353 -1.78896 -10734.4 605.181 -4137.11 0 0 0.0872665 0 0 0 -1.309 0.785398 -0.698132 -0.523599 0 0 0 -1.309 0.785398 -0.698132 -0.523599 0 0 0 0 0 0 -1.04719 -0.261799 0.174533 1.13446 -1.48353 0 0 -1.04719 -0.261799 0.174533 1.13446 -1.48353 0 0 -3.09877 -0.0851907 -3.12267 -10670.1 -165.621 -3824.16 0 -0.174533 0 
891 1 1 1 1 0 -3247.03 2414.97 -8509.54 3.87463 -0.261799 0.392699 -0.959932 -1.91986 -11089.3 588.247 -4726.63 0 0 0.0872665 0 0 0 -1.309 0.785398 -0.698132 -0.523599 0 0 0 -1.309 0.785398 -0.698132 -0.523599 0 0 0 0 0 0 -1.04719 -0.261799 0.174533 1.13446 -1.48353 0 0 -1.04719 -0.261799 0.174533 1.13446 -1.48353 0 0 3.11617 -0.569229 -2.90655 -11022.7 -167.253 -4378.77 0 -0.174533 0 
926 1 1 1 1 0 -5304.77 2202.94 -7589.67 4.50295 -0.366519 0.130899 -0.567233 -1.78896 -10740.7 676.154 -6338.18 0 0 0.0872665 0 0 0 -1.309 0.785398 -0.698132 -0.523599 0 0 0 -1.309 0.785398 -0.698132 -0.523599 0 0 0 0 0 0 -1.04719 -0.261799 0.174533 1.13446 -1.48353 0 0 -1.04719 -0.261799 0.174533 1.13446 -1.48353 0 0 2.88117 -0.967372 -2.8141 -10783.1 -127.487 -6117.78 0 -0.174533 0 
956 1 1 1 1 0 -5312.12 577.613 -8681.12 3.56047 -0.366519 0.130899 -0.567233 -2.05076 -9789.66 786.576 -6944.05 0 0 0.0872665 0 0 0 -1.309 0.785398 -0.698132 -0.523599 0 0 0 -1.309 0.785398 -0.698132 -0.523599 0 0 0 0 0 0 -1.04719 -0.261799 0.174533 1.13446 -1.48353 0 0 -1.04719 -0.261799 0.174533 1.13446 -1.48353 0 0 2.50292 -0.845187 -2.51443 -9649.09 -29.2425 -6839.65 0 -0.174533 0 
971 1 1 1 1 0 -6168.3 1873.04 -6311.98 4.08407 0.0523599 -3.50177e-07 -0.698132 -2.05076 -8498.76 1545.88 -7931.17 0 0 0.0872665 0 0 0 -1.309 0.785398 -0.698132 -0.523599 0 0 0 -1.309 0.785398 -0.698132 -0.523599 0 0 0 0 0 0 -1.04719 -0.261799 0.174533 1.13446 -1.48353 0 0 -1.04719 -0.261799 0.174533 1.13446 -1.48353 0 0 2.46087 -0.747063 -2.63854 -8359.78 723.417 -7952.47 0 -0.174533 0 
991 1 1 1 1 0 -7612.66 1904.44 -6003.22 4.08407 0.0523599 -3.50177e-07 -0.698132 -2.31256 -7887.22 2111.45 -8444.32 0 0 0.0872665 0 0 0 -1.309 0.785398 -0.698132 -0.523599 0 0 0 -1.309 0.785398 -0.698132 -0.523599 0 0 0 0 0 0 -1.04719 -0.261799 0.174533 1.13446 -1.48353 0 0 -1.04719 -0.261799 0.174533 1.13446 -1.48353 0 0 2.18252 -0.60017 -2.46374 -7588.31 1348.1 -8599.85 0 -0.174533 0 
1006 1 1 1 1 0 -8679.22 3991.73 -665.429 4.81711 -0.0523599 -3.50177e-07 -0.698132 -2.31256 -7021.52 3131.04 -9170.71 0 0 0.0872665 0 0 0 -1.309 0.785398 -0.698132 -0.523599 0 0 0 -1.309 0.785398 -0.698132 -0.523599 0 0 0 0 0 0 -1.04719 -0.261799 0.174533 1.13446 -1.48353 0 0 -1.04719 -0.261799 0.174533 1.13446 -1.48353 0 0 2.18252 -0.60017 -2.46374 -6722.62 2367.68 -9326.25 0 -0.174533 0 
1016 1 1 1 1 0 -7847.69 4463.64 -103.908 4.39823 0.0523599 -3.50177e-07 -0.567233 -2.31256 -7021.52 3131.04 -9170.71 0 0 0.0872665 0 0 0 -1.309 0.785398 -0.698132 -0.523599 0 0 0 -1.309 0.785398 -0.698132 -0.523599 0 0 0 0 0 0 -1.04719 -0.261799 0.174533 1.13446 -1.48353 0 0 -1.04719 -0.261799 0.174533 1.13446 -1.48353 0 0 2.10113 -0.67105 -2.32687 -6704.88 2367.68 -9285.89 0 0.0872664 0 
1036 1 1 1 1 0 -7268.31 4502.89 -1074.63 3.97935 0.0523599 -3.65078e-07 -0.567233 -2.70526 -6237.09 4340.81 -9824.48 0 0 0.0872665 0 0 0 -1.309 0.785398 -0.698132 -0.523599 0 0 0 -1.309 0.785398 -0.698132 -0.523599 0 0 0 0 0 0 -1.04719 -0.261799 0.174533 1.13446 -1.48353 0 0 -1.04719 -0.261799 0.174533 1.13446 -1.48353 0 0 1.81629 -0.364441 -2.1835 -5695.18 3761.43 -10083.2 0 0.0872664 0 
1056 1 1 1 1 0 -7268.31 4502.89 -1074.63 3.97935 0.0523599 -3.65078e-07 -0.567233 -3.31612 -5487.09 4490.81 -9824.48 0 0 0.0872665 0 0 0 -1.309 0.785398 -0.698132 -0.523599 0 0 0 -1.309 0.785398 -0.698132 -0.523599 0 0 0 0 0 0 -1.04719 -0.261799 0.174533 1.13446 -1.48353 0 0 -1.04719 -0.261799 0.174533 1.13446 -1.48353 0 0 1.47634 0.146988 -2.145 -4755.81 4358.08 -10203.8 0 0.0872664 0 
1071 1 1 1 1 0 -11960 4370.67 -7439.34 7.53982 0.15708 -3.65078e-07 -0.567233 -3.97062 -5037.09 4490.81 -9824.48 0 0 0.0872665 0 0 0 -1.309 0.785398 -0.698132 -0.523599 0 0 0 -1.309 0.785398 -0.698132 -0.523599 0 0 0 0 0 0 -1.04719 -0.261799 0.174533 1.13446 -1.48353 0 0 -1.04719 -0.261799 0.174533 1.13446 -1.48353 0 0 1.04047 0.671062 -2.32687 -4380.69 4885.05 -10156.1 0 0.0872664 0 
1086 1 1 1 1 0 -9498.62 4341.97 -6608.69 8.69174 0.0523599 -3.65078e-07 -0.567233 -5.01782 -4437.09 4340.81 -10574.5 0 0 0.0872665 0 0 0 -1.309 0.785398 -0.698132 -0.523599 0 0 0 -1.309 0.785398 -0.698132 -0.523599 0 0 0 0 0 0 -1.04719 -0.261799 0.174533 1.13446 -1.48353 0 0 -1.04719 -0.261799 0.174533 1.13446 -1.48353 0 0 -0.530688 0.934596 2.70056 -4377.23 5171.68 -10526.1 0 0.0872664 0 
1093 1 1 1 1 0 -11772.7 4381.22 -7321.81 8.06341 0.0523599 -3.65078e-07 -0.567233 -5.80323 -3537.09 3440.81 -11624.5 0 0 0.0872665 0 0 0 -1.309 0.785398 -0.698132 -0.523599 0 0 0 -1.309 0.785398 -0.698132 -0.523599 0 0 0 0 0 0 -1.04719 -0.261799 0.174533 1.13446 -1.48353 0 0 -1.04719 -0.261799 0.174533 1.13446 -1.48353 0 0 -1.29808 0.400013 2.19363 -3978.79 4045.63 -11256.6 0 0.0872664 0 
1101 1 1 1 1 0 -12137.3 3272.08 -6634 7.85398 -0.575959 -3.65078e-07 -0.567233 -6.71953 -2187.09 2390.81 -11624.5 0 0 0.0872665 0 0 0 -1.309 0.785398 -0.698132 -0.523599 0 0 0 -1.309 0.785398 -0.698132 -0.523599 0 0 0 0 0 0 -1.04719 -0.261799 0.174533 1.13446 -1.48353 0 0 -1.04719 -0.261799 0.174533 1.13446 -1.48353 0 0 -1.81631 -0.364455 2.18348 -2845.36 2306.63 -11118.7 0 0.0872664 0 
1126 1 1 1 1 1 -11837.3 2826.01 -5671.7 7.85398 -0.575959 -3.65078e-07 -0.567233 -6.85043 -1983.17 1561.29 -11754.4 0 0 0.0872665 0 0 0 -1.309 0.785398 -0.698132 -0.523599 0 0 0 -1.309 0.785398 -0.698132 -0.523599 0 0 0 0 0 0 -1.04719 -0.261799 0.174533 1.13446 -1.48353 0 0 -1.04719 -0.261799 0.174533 1.13446 -1.48353 0 0 -1.90061 -0.470309 2.21772 -2626.23 1369.91 -11258.4 0 0.0872664 0 
1136 1 1 1 1 1 -11837.3 2826.01 -5671.7 7.85398 -0.575959 -3.65078e-07 -0.567233 -6.85043 -1711.27 1055.26 -11927.6 0 0 0.0872665 0 0 0 -1.309 0.785398 -0.698132 -0.523599 0 0 0 -1.309 0.785398 -0.698132 -0.523599 0 0 0 0 0 0 -1.04719 -0.261799 0.174533 1.13446 -1.48353 0 0 -1.04719 -0.261799 0.174533 1.13446 -1.48353 0 0 -1.90061 -0.470309 2.21772 -2354.33 863.879 -11431.6 0 0.0872664 0 
1146 1 1 1 1 0 -14114.9 2348.86 -3371.13 7.33038 -0.575959 -3.94881e-07 -0.436333 -7.24313 -1638.23 1378.75 -11961.7 0 0 0.0872665 0 0 0 -1.309 0.785398 -0.698132 -0.523599 0 0 0 -1.309 0.785398 -0.698132 -0.523599 0 0 0 0 0 0 -1.04719 -0.261799 0.174533 1.13446 -1.48353 0 0 -1.04719 -0.261799 0.174533 1.13446 -1.48353 0 0 -2.11386 -0.836661 2.25341 -2218.36 892.389 -11610.8 0 0.0872664 0 
1151 1 1 1 1 0 -14331.3 1626.68 -2195.04 7.01622 -0.0523599 -3.94881e-07 -0.436333 -7.37403 -1169.09 1049.23 -12213.9 0 0 0.0872665 0 0 0 -1.309 0.785398 -0.698132 -0.523599 0 0 0 -1.309 0.785398 -0.698132 -0.523599 0 0 0 0 0 0 -1.04719 -0.261799 0.174533 1.13446 -1.48353 0 0 -1.04719 -0.261799 0.174533 1.13446 -1.48353 0 0 -2.25275 -0.93384 2.36112 -1686.47 479.07 -11892.3 0 0.0872664 0 
1161 1 1 1 1 0 -14632.4 1626.68 -1860.62 7.01622 -0.0523599 -3.94881e-07 -0.436333 -7.63583 -949.956 819.702 -12466 0 0 0.0872665 0 0 0 -1.309 0.785398 -0.698132 -0.523599 0 0 0 -1.309 0.785398 -0.698132 -0.523599 0 0 0 0 0 0 -1.04719 -0.261799 0.174533 1.13446 -1.48353 0 0 -1.04719 -0.261799 0.174533 1.13446 -1.48353 0 0 -2.65853 -1.08612 2.70706 -1314.92 112.446 -12215.5 0 0.0872664 0 
1171 1 1 1 1 0 -15417.6 1626.68 -506.664 6.49262 -0.0523599 -3.94881e-07 -0.436333 -7.89763 -803.865 566.687 -12534.2 0 0 0.0872665 0 0 0 -1.309 0.785398 -0.698132 -0.523599 0 0 0 -1.309 0.785398 -0.698132 -0.523599 0 0 0 0 0 0 -1.04719 -0.261799 0.174533 1.13446 -1.48353 0 0 -1.04719 -0.261799 0.174533 1.13446 -1.48353 0 0 3.0386 -1.13242 -3.04829 -989.441 -229.482 -12367.3 0 0.0872664 0 
1184 1 1 1 1 2 -15417.6 1626.68 -506.664 6.49262 -0.0523599 -3.94881e-07 -0.0436339 -7.89763 167.752 622.907 -12600.9 0 0 0.0872665 0 0 0 -1.309 0.785398 -0.698132 -0.523599 0 0 0 -1.309 0.785398 -0.698132 -0.523599 0 0 0 0 0 0 -1.04719 -0.261799 0.174533 1.13446 -1.48353 0 0 -1.04719 -0.261799 0.174533 1.13446 -1.48353 0 0 2.35557 -1.50908 -2.35653 -67.5578 -173.264 -12517.7 0 0.0872664 0 
1206 1 1 1 1 2 -9714.38 2016.45 -978.961 2.82743 0.0523599 0 -0.0436339 -7.89763 167.752 622.907 -12600.9 0 0 0.0872665 0 0 0 -1.309 0.785398 -0.698132 -0.523599 0 0 0 -1.309 0.785398 -0.698132 -0.523599 0 0 0 0 0 0 -1.04719 -0.261799 0.174533 1.13446 -1.48353 0 0 -1.04719 -0.261799 0.174533 1.13446 -1.48353 0 0 2.35557 -1.50908 -2.35653 -67.5578 -173.264 -12517.7 0 0.0872664 0 
1221 1 1 1 1 2 -9714.38 2016.45 -978.961 2.82743 0.0523599 0 -0.0436339 -8.15943 766.61 649.088 -12627 0 0 0.0872665 0 0 0 -1.309 0.785398 -0.698132 -0.523599 0 0 0 -1.309 0.785398 -0.698132 -0.523599 0 0 0 0 0 0 -1.04719 -0.261799 0.174533 1.13446 -1.48353 0 0 -1.04719 -0.261799 0.174533 1.13446 -1.48353 0 0 1.70828 -1.26234 -1.715 745.297 -181.739 -12553.2 0 0.0872664 0 
1256 1 1 1 1 2 -9714.38 2016.45 -978.961 2.82743 0.0523599 0 -0.0436339 -8.59577 1534.13 1004.34 -12660.6 0 0 0.0872665 0 0 0 -1.309 0.785398 -0.698132 -0.523599 0 0 0 -1.309 0.785398 -0.698132 -0.523599 0 0 0 0 0 0 -1.04719 -0.261799 0.174533 1.13446 -1.48353 0 0 -1.04719 -0.261799 0.174533 1.13446 -1.48353 0 0 1.61837 -0.827969 -1.63535 1865.9 241 -12602.1 0 0.0872664 0 
1306 1 1 1 1 2 -9714.38 2016.45 -978.961 2.40855 0.0523599 0 0.479965 -8.59577 2204.61 1679.95 -12394.6 0 0 0.0872665 0 0 0 -1.309 0.785398 -0.698132 -0.523599 0 0 0 -1.309 0.785398 -0.698132 -0.523599 0 0 0 0 0 0 -1.04719 -0.261799 0.174533 1.13446 -1.48353 0 0 -1.04719 -0.261799 0.174533 1.13446 -1.48353 0 0 1.10405 -0.71281 -0.914306 2462.71 916.604 -12178.1 0 0.0872664 0 
1321 1 1 1 1 2 -9714.38 2016.45 -978.961 2.40855 0.0523599 -0.261799 0.479965 -8.59577 1616.05 1116.36 -12766.3 0 0 0.0872665 0 0 0 -1.309 0.785398 -0.698132 -0.523599 0 0 0 -1.309 0.785398 -0.698132 -0.523599 0 0 0 0 0 0 -1.04719 -0.261799 0.174533 1.13446 -1.48353 0 0 -1.04719 -0.261799 0.174533 1.13446 -1.48353 0 0 0.842252 -0.71281 -0.914306 1874.14 322.985 -12754.8 0 -0.174533 0 
1337 1 1 1 1 2 -8540.37 4345.29 774.944 2.61799 0.0523599 -0.349066 0.349061 -2.18167 3196.28 2437.48 -12063.1 0 0 0.0872665 0 0 0 -1.309 0.785398 -0.698132 -0.523599 0 0 0 -1.309 0.785398 -0.698132 -0.523599 0 0 0 0 0 0 -1.04719 -0.261799 0.174533 1.13446 -1.48353 0 0 -1.04719 -0.261799 0.174533 1.13446 -1.48353 0 0 0.767365 -0.878454 -1.00536 3384.06 1635.93 -12199.3 0 0.349066 0 
1366 1 1 1 1 0 -8540.37 4345.29 774.944 2.61799 0.0523599 -0.349066 0.349061 -2.26894 5197.62 3689.72 -10868.5 0 0 0.0872665 0 0 0 -1.309 0.785398 -0.698132 -0.523599 0 0 0 -1.309 0.785398 -0.698132 -0.523599 0 0 0 0 0 0 -1.04719 -0.261799 0.174533 1.13446 -1.48353 0 0 -1.04719 -0.261799 0.174533 1.13446 -1.48353 0 0 0.834689 -0.803584 -1.05558 5450.1 2901.52 -10974.8 0 1.3411e-07 0 
1402 1 1 1 1 0 -8540.37 4345.29 774.944 1.98968 0.0523599 -2.01166e-07 0.87266 -1.48354 5890.4 4088.57 -10455.1 0 0 0.0872665 0 0 0 -1.309 0.785398 -0.698132 -0.523599 0 0 0 -1.309 0.785398 -0.698132 -0.523599 0 0 0 0 0 0 -1.04719 -0.261799 0.174533 1.13446 -1.48353 0 0 -1.04719 -0.261799 0.174533 1.13446 -1.48353 0 0 -0.113717 -0.694947 0.073 5615.43 3330.35 -10669 0 1.3411e-07 0 
1441 1 1 1 1 0 -8540.37 4345.29 774.944 1.98968 0.0523599 -2.01166e-07 0.87266 -1.48354 6338.63 4027.57 -9920.87 0 0 0.0872665 0 0 0 -1.309 0.785398 -0.698132 -0.523599 0 0 0 -1.309 0.785398 -0.698132 -0.523599 0 0 0 0 0 0 -1.04719 -0.261799 0.174533 1.13446 -1.48353 0 0 -1.04719 -0.261799 0.174533 1.13446 -1.48353 0 0 -0.113717 -0.694947 0.073 6063.67 3269.34 -10134.8 0 1.3411e-07 0 
1451 1 1 1 1 0 -8540.37 4345.29 774.944 1.98968 0.0523599 -2.01166e-07 0.87266 -1.8326 6018.46 4071.14 -10302.4 0 0 0.0872665 0 0 0 -1.309 0.785398 -0.698132 -0.523599 0 0 0 -1.309 0.785398 -0.698132 -0.523599 0 0 0 0 0 0 -1.04719 -0.261799 0.174533 1.13446 -1.48353 0 0 -1.04719 -0.261799 0.174533 1.13446 -1.48353 0 0 0.336481 -0.669875 -0.213859 5923.4 3242.14 -10302 0 1.3411e-07 0 
1460 1 1 1 1 0 -8540.37 4345.29 774.944 1.98968 0.0523599 -2.01166e-07 0.87266 -1.8326 6850.91 4057.85 -9310.37 0 0 0.0872665 0 0 0 -1.309 0.785398 -0.698132 -0.523599 0 0 0 -1.309 0.785398 -0.698132 -0.523599 0 0 0 0 0 0 -1.04719 -0.261799 0.174533 1.13446 -1.48353 0 0 -1.04719 -0.261799 0.174533 1.13446 -1.48353 0 0 0.336481 -0.669875 -0.213859 6755.84 3228.85 -9309.91 0 1.3411e-07 0 
1479 1 1 1 1 0 -4109.68 4345.29 2747.62 1.98968 0.0523599 -2.01166e-07 0.87266 -1.04721 7747.39 4035.84 -8241.99 0 0 0.0872665 0 0 0 -1.309 0.785398 -0.698132 -0.523599 0 0 0 -1.309 0.785398 -0.698132 -0.523599 0 0 0 0 0 0 -1.04719 -0.261799 0.174533 1.13446 -1.48353 0 0 -1.04719 -0.261799 0.174533 1.13446 -1.48353 0 0 -0.645853 -0.590375 0.397246 7286.96 3492.61 -8676.96 0 1.3411e-07 0 
1504 1 1 1 1 0 -4109.68 4345.29 2747.62 1.98968 0.0523599 -2.01166e-07 0.87266 -0.0872753 8976.48 2773.15 -6777.24 0 0 0.0872665 0 0 0 -1.309 0.785398 -0.698132 -0.523599 0 0 0 -1.309 0.785398 -0.698132 -0.523599 0 0 0 0 0 0 -1.04719 -0.261799 0.174533 1.13446 -1.48353 0 0 -1.04719 -0.261799 0.174533 1.13446 -1.48353 0 0 -1.50388 -0.0560503 0.696256 8402.48 2976.95 -7347.57 0 1.3411e-07 0 
1544 1 1 1 1 0 -4109.68 4345.29 2747.62 1.98968 0.0523599 -2.01166e-07 0.87266 -1.39627 8976.48 723.155 -6777.24 0 0 0.0872665 0 0 0 -1.309 0.785398 -0.698132 -0.523599 0 0 0 -1.309 0.785398 -0.698132 -0.523599 0 0 0 0 0 0 -1.04719 -0.261799 0.174533 1.13446 -1.48353 0 0 -1.04719 -0.261799 0.174533 1.13446 -1.48353 0 0 -0.226241 -0.685454 0.144689 8659.86 -2.4942 -7040.85 0 1.3411e-07 0 
1589 1 1 1 1 0 -1946.7 2351.06 1740.06 2.19911 0.0523599 -2.01166e-07 0.959926 -1.48354 8079.04 674.935 -7886.82 0 0 0.0872665 0 0 0 -1.309 0.785398 -0.698132 -0.523599 0 0 0 -1.309 0.785398 -0.698132 -0.523599 0 0 0 0 0 0 -1.04719 -0.261799 0.174533 1.13446 -1.48353 0 0 -1.04719 -0.261799 0.174533 1.13446 -1.48353 0 0 -0.106403 -0.608207 0.0609498 7823.76 -83.2888 -8123.95 0 1.3411e-07 0 
1622 1 1 1 1 0 -1946.7 2351.06 1740.06 2.19911 0.0523599 -2.01166e-07 0.959926 -2.00714 9039.31 679.744 -6515.41 0 0 0.0872665 0 0 0 -1.309 0.785398 -0.698132 -0.523599 0 0 0 -1.309 0.785398 -0.698132 -0.523599 0 0 0 0 0 0 -1.04719 -0.261799 0.174533 1.13446 -1.48353 0 0 -1.04719 -0.261799 0.174533 1.13446 -1.48353 0 0 0.517506 -0.546663 -0.287714 9027.67 -147.229 -6404.61 0 1.3411e-07 0 
1649 1 1 1 1 0 -1946.7 2351.06 1740.06 2.19911 0.0523599 -2.01166e-07 0.959926 -1.5708 10369.4 1148.4 -4615.83 0 0 0.0872665 0 0 0 -1.309 0.785398 -0.698132 -0.523599 0 0 0 -1.309 0.785398 -0.698132 -0.523599 0 0 0 0 0 0 -1.04719 -0.261799 0.174533 1.13446 -1.48353 0 0 -1.04719 -0.261799 0.174533 1.13446 -1.48353 0 0 -2.14881e-06 -0.610868 -1.55632e-06 10152.8 363.365 -4797.77 0 1.3411e-07 0 
1679 1 1 1 1 0 -1946.7 2351.06 1740.06 2.19911 0.0523599 -2.01166e-07 0.959926 -1.39627 10713.6 1148.4 -4124.34 0 0 0.0872665 0 0 0 -1.309 0.785398 -0.698132 -0.523599 0 0 0 -1.309 0.785398 -0.698132 -0.523599 0 0 0 0 0 0 -1.04719 -0.261799 0.174533 1.13446 -1.48353 0 0 -1.04719 -0.261799 0.174533 1.13446 -1.48353 0 0 -0.212023 -0.600269 0.120995 10421.1 422.75 -4414.55 0 1.3411e-07 0 
1709 1 1 1 1 0 -1946.7 2351.06 1740.06 2.19911 0.0523599 -2.01166e-07 0.959926 -2.0944 11113.5 1109.41 -3553.12 0 0 0.0872665 0 0 0 -1.309 0.785398 -0.698132 -0.523599 0 0 0 -1.309 0.785398 -0.698132 -0.523599 0 0 0 0 0 0 -1.04719 -0.261799 0.174533 1.13446 -1.48353 0 0 -1.04719 -0.261799 0.174533 1.13446 -1.48353 0 0 0.613949 -0.519832 -0.336772 11143.1 292.916 -3383.54 0 1.3411e-07 0 
1734 1 1 1 1 0 -1946.7 2351.06 1740.06 2.19911 0.0523599 -2.01166e-07 1.43989 -1.74534 11742.1 1205.29 -2655.48 0 0 0.0872665 0 0 0 -1.309 0.785398 -0.698132 -0.523599 0 0 0 -1.309 0.785398 -0.698132 -0.523599 0 0 0 0 0 0 -1.04719 -0.261799 0.174533 1.13446 -1.48353 0 0 -1.04719 -0.261799 0.174533 1.13446 -1.48353 0 0 0.176006 -0.128902 -0.0228605 11652.3 384.727 -2777.61 0 0.349066 0 
1747 1 1 1 1 0 -1946.7 2351.06 1740.06 1.36136 0.0523599 -2.01166e-07 1.43989 -1.5708 11942.7 1352.91 -1131.55 0 0 0.0872665 0 0 0 -1.309 0.785398 -0.698132 -0.523599 0 0 0 -1.309 0.785398 -0.698132 -0.523599 0 0 0 0 0 0 -1.04719 -0.261799 0.174533 1.13446 -1.48353 0 0 -1.04719 -0.261799 0.174533 1.13446 -1.48353 0 0 -1.79209e-06 -0.130902 -2.47478e-06 11834.6 567.865 -1392.95 0 0.349066 0 
1759 1 1 1 1 0 -1946.7 2351.06 1740.06 1.36136 0.0523599 -2.01166e-07 1.43989 -1.13447 12107.8 922.732 122.004 0 0 0.0872665 0 0 0 -1.309 0.785398 -0.698132 -0.523599 0 0 0 -1.309 0.785398 -0.698132 -0.523599 0 0 0 0 0 0 -1.04719 -0.261799 0.174533 1.13446 -1.48353 0 0 -1.04719 -0.261799 0.174533 1.13446 -1.48353 0 0 -0.439634 -0.118577 0.055581 11959.7 326.733 -442.951 0 0.349066 0 
1774 1 1 1 1 0 -1946.7 2351.06 1740.06 1.36136 0.0523599 -2.01166e-07 1.83259 -1.48354 12193.3 663.875 771.721 0 0 0.0872665 0 0 0 -1.309 0.785398 -0.698132 -0.523599 0 0 0 -1.309 0.785398 -0.698132 -0.523599 0 0 0 0 0 0 -1.04719 -0.261799 0.174533 1.13446 -1.48353 0 0 -1.04719 -0.261799 0.174533 1.13446 -1.48353 0 0 -0.0903305 0.260777 -0.0233517 12211 -94.3661 423.769 0 0.349066 0 
1784 1 1 1 1 0 -1946.7 2351.06 1740.06 1.36136 0.0523599 -2.01166e-07 1.83259 -1.5708 11909.7 568.011 1830.2 0 0 0.0872665 0 0 0 -1.309 0.785398 -0.698132 -0.523599 0 0 0 -1.309 0.785398 -0.698132 -0.523599 0 0 0 0 0 0 -1.04719 -0.261799 0.174533 1.13446 -1.48353 0 0 -1.04719 -0.261799 0.174533 1.13446 -1.48353 0 0 -2.18044e-06 0.261796 -3.04975e-06 11909.9 -217.035 1547.33 0 0.349066 0 
1799 1 1 1 1 0 8831.46 417.203 8450.71 3.97935 -0.15708 0 -2.0944 -1.5708 6150 650 7850 0 0 0.0872665 0 0 0 -1.309 0.785398 -0.698132 -0.523599 0 0 0 -1.309 0.785398 -0.698132 -0.523599 0 0 0 0 0 0 -1.04719 -0.261799 0.174533 1.13446 -1.48353 0 0 -1.04719 -0.261799 0.174533 1.13446 -1.48353 0 0 3.14159 0.523603 3.14159 6349.98 -135.16 8050.28 0 0 0 
1819 1 1 1 1 0 8831.46 417.203 8450.71 3.97935 -0.15708 0 -2.0944 -1.5708 5750 650.003 7157.18 0 0 0.0872665 0 0 0 -1.309 0.785398 -0.698132 -0.523599 0 0 0 -1.309 0.785398 -0.698132 -0.523599 0 0 0 0 0 0 -1.04719 -0.261799 0.174533 1.13446 -1.48353 0 0 -1.04719 -0.261799 0.174533 1.13446 -1.48353 0 0 3.14159 0.523603 3.14159 5949.98 -135.157 7357.46 0 0 0 
1843 1 1 1 1 0 5335.18 188.43 7141.47 5.23598 0.366519 0 -2.0944 -1.5708 5750 650.003 7157.18 0 0 0.0872665 0 0 0 -1.309 0.785398 -0.698132 -0.523599 0 0 0 -1.309 0.785398 -0.698132 -0.523599 0 0 0 0 0 0 -1.04719 -0.261799 0.174533 1.13446 -1.48353 0 0 -1.04719 -0.261799 0.174533 1.13446 -1.48353 0 0 3.14159 0.523603 3.14159 5949.98 -135.157 7357.46 0 0 0 
1848 1 1 1 1 0 5335.18 188.43 7141.47 5.23598 0.366519 0 -2.0944 -1.74533 5550 650.004 6810.77 0 0 0.0872665 0 0 0 -1.309 0.785398 -0.698132 -0.523599 0 0 0 -1.309 0.785398 -0.698132 -0.523599 0 0 0 0 0 0 -1.04719 -0.261799 0.174533 1.13446 -1.48353 0 0 -1.04719 -0.261799 0.174533 1.13446 -1.48353 0 0 2.94073 0.514853 3.04167 5679.74 -170.71 6889.38 0 0 0 
1853 1 1 1 1 0 5335.18 188.43 7141.47 5.23598 0.366519 0 -2.0944 -1.8326 5500 650.005 6724.17 0 0 0.0872665 0 0 0 -1.309 0.785398 -0.698132 -0.523599 0 0 0 -1.309 0.785398 -0.698132 -0.523599 0 0 0 0 0 0 -1.04719 -0.261799 0.174533 1.13446 -1.48353 0 0 -1.04719 -0.261799 0.174533 1.13446 -1.48353 0 0 2.84153 0.504039 2.99326 5593.72 -179.174 6740.39 0 0 0 
1856 1 1 1 1 0 5335.18 188.43 7141.47 5.23598 0.366519 0 -2.0944 -2.00713 5300 650.006 6377.76 0 0 0.0872665 0 0 0 -1.309 0.785398 -0.698132 -0.523599 0 0 0 -1.309 0.785398 -0.698132 -0.523599 0 0 0 0 0 0 -1.04719 -0.261799 0.174533 1.13446 -1.48353 0 0 -1.04719 -0.261799 0.174533 1.13446 -1.48353 0 0 2.64766 0.470304 2.90227 5321.27 -177.154 6268.49 0 0 0 
1862 1 1 1 1 0 4755.98 188.43 6860.4 5.02655 0.366519 0 -2.0944 -2.00713 5114.05 776.793 6055.69 0 0 0.0872665 0 0 0 -1.309 0.785398 -0.698132 -0.523599 0 0 0 -1.309 0.785398 -0.698132 -0.523599 0 0 0 0 0 0 -1.04719 -0.261799 0.174533 1.13446 -1.48353 0 0 -1.04719 -0.261799 0.174533 1.13446 -1.48353 0 0 2.64766 0.470304 2.90227 5135.32 -50.3785 5946.42 0 0 0 
1867 1 1 1 1 0 4755.98 188.43 6860.4 5.02655 0.366519 0 -2.0944 -2.00713 4706.21 1257.15 5349.29 0 0 0.0872665 0 0 0 -1.309 0.785398 -0.698132 -0.523599 0 0 0 -1.309 0.785398 -0.698132 -0.523599 0 0 0 0 0 0 -1.04719 -0.261799 0.174533 1.13446 -1.48353 0 0 -1.04719 -0.261799 0.174533 1.13446 -1.48353 0 0 2.64766 0.470304 2.90227 4727.48 429.979 5240.03 0 0 0 
1869 1 1 1 1 0 3992.48 826.872 5627.6 5.13126 0.366519 0 -2.0944 -2.18167 4389.01 1552.99 4799.88 0 0 0.0872665 0 0 0 -1.309 0.785398 -0.698132 -0.523599 0 0 0 -1.309 0.785398 -0.698132 -0.523599 0 0 0 0 0 0 -1.04719 -0.261799 0.174533 1.13446 -1.48353 0 0 -1.04719 -0.261799 0.174533 1.13446 -1.48353 0 0 2.46167 0.421992 2.8218 4339.1 752.964 4567.32 0 0 0 
1873 1 1 1 1 0 1805.28 1821.46 6127.15 5.13126 0.15708 0 -2.0944 -2.53073 3845.22 2360.14 3858.02 0 0 0.0872665 0 0 0 -1.309 0.785398 -0.698132 -0.523599 0 0 0 -1.309 0.785398 -0.698132 -0.523599 0 0 0 0 0 0 -1.04719 -0.261799 0.174533 1.13446 -1.48353 0 0 -1.04719 -0.261799 0.174533 1.13446 -1.48353 0 0 2.11591 0.290874 2.69982 3665.32 1685.77 3400.31 0 0 0 
1876 1 1 1 1 0 1805.28 1821.46 6127.15 5.13126 0.15708 0 -2.0944 -2.618 3528.01 3155.97 3308.6 0 0 0.0872665 0 0 0 -1.309 0.785398 -0.698132 -0.523599 0 0 0 -1.309 0.785398 -0.698132 -0.523599 0 0 0 0 0 0 -1.04719 -0.261799 0.174533 1.13446 -1.48353 0 0 -1.04719 -0.261799 0.174533 1.13446 -1.48353 0 0 2.03444 0.252681 2.67794 3319.65 2526.56 2801.6 0 0 0 
1887 1 1 1 1 0 -844.01 1821.46 4947.61 5.13126 0.15708 0 -2.0944 -1.8326 2848.27 4489.9 2131.28 0 0 0.0872665 0 0 0 -1.309 0.785398 -0.698132 -0.523599 0 0 0 -1.309 0.785398 -0.698132 -0.523599 0 0 0 0 0 0 -1.04719 -0.261799 0.174533 1.13446 -1.48353 0 0 -1.04719 -0.261799 0.174533 1.13446 -1.48353 0 0 2.84153 0.504038 2.99326 2942 3660.7 2147.5 0 0 0 
1897 1 1 1 1 0 -844.01 1821.46 4947.61 5.13126 0.15708 0 -2.0944 -1.8326 2100.56 5187.22 836.219 0 0 0.0872665 0 0 0 -1.309 0.785398 -0.698132 -0.523599 0 0 0 -1.309 0.785398 -0.698132 -0.523599 0 0 0 0 0 0 -1.04719 -0.261799 0.174533 1.13446 -1.48353 0 0 -1.04719 -0.261799 0.174533 1.13446 -1.48353 0 0 2.84153 0.504038 2.99326 2194.29 4358.02 852.447 0 0 0 
1909 1 1 1 1 0 -3950.07 1821.46 3564.71 5.13126 0.15708 0 -2.0944 -0.698136 577.798 4262.63 -1801.25 0 0 0.0872665 0 0 0 -1.309 0.785398 -0.698132 -0.523599 0 0 0 -1.309 0.785398 -0.698132 -0.523599 0 0 0 0 0 0 -1.04719 -0.261799 0.174533 1.13446 -1.48353 0 0 -1.04719 -0.261799 0.174533 1.13446 -1.48353 0 0 -2.19921 0.327203 -2.72518 1029.7 3967.41 -1164.66 0 0 0 
1922 1 1 1 1 0 -3950.07 1821.46 3564.71 5.13126 0.15708 0 -2.0944 -0.698136 577.798 4262.63 -1801.25 0 0 0.0872665 0 0 0 -1.309 0.785398 -0.698132 -0.523599 0 0 0 -1.309 0.785398 -0.698132 -0.523599 0 0 0 0 0 0 -1.04719 -0.261799 0.174533 1.13446 -1.48353 0 0 -1.04719 -0.261799 0.174533 1.13446 -1.48353 0 0 -2.19921 0.327203 -2.72518 1029.7 3967.41 -1164.66 0 0 0 
1932 1 1 1 1 0 -3950.07 1821.46 3564.71 5.13126 0.15708 0 -2.0944 -1.13447 288.54 2623.2 -2302.25 0 0 0.0872665 0 0 0 -1.309 0.785398 -0.698132 -0.523599 0 0 0 -1.309 0.785398 -0.698132 -0.523599 0 0 0 0 0 0 -1.04719 -0.261799 0.174533 1.13446 -1.48353 0 0 -1.04719 -0.261799 0.174533 1.13446 -1.48353 0 0 -2.64766 0.470303 -2.90227 641.642 2027.15 -1836.78 0 0 0 
1940 1 1 1 1 0 -3950.07 1821.46 3564.71 5.13126 0.15708 0 -2.0944 -1.39627 288.54 2423.2 -2302.25 0 0 0.0872665 0 0 0 -1.309 0.785398 -0.698132 -0.523599 0 0 0 -1.309 0.785398 -0.698132 -0.523599 0 0 0 0 0 0 -1.04719 -0.261799 0.174533 1.13446 -1.48353 0 0 -1.04719 -0.261799 0.174533 1.13446 -1.48353 0 0 -2.94073 0.514852 -3.04167 554.632 1697.44 -1987.48 0 0 0 
1947 1 1 1 1 0 -1951.44 2023.47 -2789.84 1.88496 -0.15708 0 -2.0944 -1.52717 288.54 2273.2 -2302.25 0 0 0.0872665 0 0 0 -1.309 0.785398 -0.698132 -0.523599 0 0 0 -1.309 0.785398 -0.698132 -0.523599 0 0 0 0 0 0 -1.04719 -0.261799 0.174533 1.13446 -1.48353 0 0 -1.04719 -0.261799 0.174533 1.13446 -1.48353 0 0 -3.09122 0.523052 -3.11641 505.531 1500.7 -2072.52 0 0 0 
1954 1 1 1 1 0 -1989.97 1851.85 -2671.26 1.88496 -0.15708 0.1309 -2.0944 -1.65807 -85.6055 2312.42 -2690.48 0 0 0.0872665 0 0 0 -1.309 0.785398 -0.698132 -0.523599 0 0 0 -1.309 0.785398 -0.698132 -0.523599 0 0 0 0 0 0 -1.04719 -0.261799 0.174533 1.13446 -1.48353 0 0 -1.04719 -0.261799 0.174533 1.13446 -1.48353 0 0 3.17181 0.521406 3.09131 79.6514 1531.58 -2446.34 0 0 0 
1964 1 1 1 1 0 -4287.11 3037.07 -2264.51 1.0472 -0.15708 0.1309 -2.0944 -1.65807 -85.6055 2312.42 -2690.48 0 0 0.0872665 0 0 0 -1.309 0.523599 -0.174533 -0.523599 0 0 0 -1.309 0.785398 -0.698132 -0.523599 0 0 0 0 0 0 -1.04719 -0.261799 0.174533 1.13446 -1.48353 0 0 -1.04719 -0.261799 0.174533 1.13446 -1.48353 0 0 3.17181 0.521406 3.09131 79.6514 1531.58 -2446.34 0 0 0 
1974 1 1 1 1 0 -4384.65 2764.23 -2433.46 1.0472 -0.15708 0.1309 -2.0944 -1.65807 -85.6055 2312.42 -2690.48 0 0 0.0872665 0 0 0 -1.309 -4.47035e-08 -0.174533 -0.523599 0 0 0 -1.309 0.785398 -0.698132 -0.523599 0 0 0 0 0 0 -1.04719 -0.261799 0.174533 1.13446 -1.48353 0 0 -1.04719 -0.261799 0.174533 1.13446 -1.48353 0 0 3.17181 0.521406 3.09131 79.6514 1531.58 -2446.34 0 0 0 
1982 1 1 1 1 0 -4384.65 2764.23 -2433.46 1.0472 -0.15708 0.1309 -2.0944 -1.65807 -85.6055 2312.42 -2690.48 0 0 0.0872665 0 0 0 -1.309 -0.785398 -0.174533 -0.523599 0 0 0 -1.309 0.785398 -0.698132 -0.523599 0 0 0 0 0 0 -1.04719 -0.261799 0.174533 1.13446 -1.48353 0 0 -1.04719 -0.261799 0.174533 1.13446 -1.48353 0 0 3.17181 0.521406 3.09131 79.6514 1531.58 -2446.34 0 0 0 
1985 1 1 1 1 0 -3534.61 2950.58 -961.148 1.0472 -0.15708 0.1309 -2.0944 -1.65807 -85.6055 2312.42 -2690.48 0 0 0.0872665 0 0 0 -1.309 -0.785398 -0.174533 -0.523599 0 -0.523599 0 -1.309 0.785398 -0.698132 -0.523599 0 0 0 0 0 0 -1.04719 -0.261799 0.174533 1.13446 -1.48353 0 0 -1.04719 -0.261799 0.174533 1.13446 -1.48353 0 0 3.17181 0.521406 3.09131 79.6514 1531.58 -2446.34 0 0 0 
1989 1 1 1 1 0 -3534.61 2950.58 -961.148 1.0472 -0.15708 0.1309 -2.0944 -1.65807 -85.6055 2312.42 -2690.48 0 0 0.0872665 0 0 0 -1.309 -0.785398 -0.174533 -0.523599 0 -1.0472 0 -1.309 0.785398 -0.698132 -0.523599 0 0 0 0 0 0 -1.04719 -0.261799 0.174533 1.13446 -1.48353 0 0 -1.04719 -0.261799 0.174533 1.13446 -1.48353 0 0 3.17181 0.521406 3.09131 79.6514 1531.58 -2446.34 0 0 0 
1995 1 1 1 1 0 -3534.61 2950.58 -961.148 1.0472 -0.15708 0.1309 -2.0944 -1.65807 -85.6055 2312.42 -2690.48 0 0 0.0872665 0 0 0 -1.309 -0.785398 -0.174533 -0.523599 0 -7.45058e-08 0 -1.309 0.785398 -0.698132 -0.523599 0 0 0 0 0 0 -1.04719 -0.261799 0.174533 1.13446 -1.48353 0 0 -1.04719 -0.261799 0.174533 1.13446 -1.48353 0 0 3.17181 0.521406 3.09131 79.6514 1531.58 -2446.34 0 0 0 
2000 1 1 1 1 0 -3534.61 2950.58 -961.148 1.0472 -0.15708 0.1309 -2.0944 -1.65807 -85.6055 2312.42 -2690.48 0 0 0.0872665 0 0 0 -1.309 -0.785398 -0.174533 -0.523599 0 0.261799 0 -1.309 0.785398 -0.698132 -0.523599 0 0 0 0 0 0 -1.04719 -0.261799 0.174533 1.13446 -1.48353 0 0 -1.04719 -0.261799 0.174533 1.13446 -1.48353 0 0 3.17181 0.521406 3.09131 79.6514 1531.58 -2446.34 0 0 0 
2005 1 1 1 1 0 -3534.61 2950.58 -961.148 1.0472 -0.15708 0.1309 -2.0944 -1.65807 -85.6055 2312.42 -2690.48 0 0 0.0872665 0 0 0 -1.309 -0.785398 -0.174533 -0.523599 0 -0.523599 0 -1.309 0.785398 -0.698132 -0.523599 0 0 0 0 0 0 -1.04719 -0.261799 0.174533 1.13446 -1.48353 0 0 -1.04719 -0.261799 0.174533 1.13446 -1.48353 0 0 3.17181 0.521406 3.09131 79.6514 1531.58 -2446.34 0 0 0 
2010 1 1 1 1 0 -3534.61 2950.58 -961.148 1.0472 -0.15708 0.1309 -2.0944 -1.65807 -85.6055 2312.42 -2690.48 0 0 0.0872665 0 0 0 -1.309 -0.785398 -0.174533 -0.523599 0 -1.0472 0 -1.309 0.785398 -0.698132 -0.523599 0 0 0 0 0 0 -1.04719 -0.261799 0.174533 1.13446 -1.48353 0 0 -1.04719 -0.261799 0.174533 1.13446 -1.48353 0 0 3.17181 0.521406 3.09131 79.6514 1531.58 -2446.34 0 0 0 
2015 1 1 1 1 0 -3534.61 2950.58 -961.148 1.0472 -0.15708 0.1309 -2.0944 -1.65807 -85.6055 2312.42 -2690.48 0 0 0.0872665 0 0 0 -1.309 -0.785398 -0.174533 -0.523599 0 -7.45058e-08 0 -1.309 0.785398 -0.698132 -0.523599 0 0 0 0 0 0 -1.04719 -0.261799 0.174533 1.13446 -1.48353 0 0 -1.04719 -0.261799 0.174533 1.13446 -1.48353 0 0 3.17181 0.521406 3.09131 79.6514 1531.58 -2446.34 0 0 0 
2020 1 1 1 1 0 -3534.61 2950.58 -961.148 1.0472 -0.15708 0.1309 -2.0944 -1.65807 -85.6055 2312.42 -2690.48 0 0 0.0872665 0 0 0 -1.309 -0.785398 -0.174533 -0.523599 0 0.261799 0 -1.309 0.785398 -0.698132 -0.523599 0 0 0 0 0 0 -1.04719 -0.261799 0.174533 1.13446 -1.48353 0 0 -1.04719 -0.261799 0.174533 1.13446 -1.48353 0 0 3.17181 0.521406 3.09131 79.6514 1531.58 -2446.34 0 0 0 
2025 1 1 1 1 0 -3534.61 2950.58 -961.148 1.0472 -0.15708 0.1309 -2.0944 -1.65807 -85.6055 2312.42 -2690.48 0 0 0.0872665 0 0 0 -1.309 -0.785398 -0.174533 -0.523599 0 -0.523599 0 -1.309 0.785398 -0.698132 -0.523599 0 0 0 0 0 0 -1.04719 -0.261799 0.174533 1.13446 -1.48353 0 0 -1.04719 -0.261799 0.174533 1.13446 -1.48353 0 0 3.17181 0.521406 3.09131 79.6514 1531.58 -2446.34 0 0 0 
2030 1 1 1 1 0 -3534.61 2950.58 -961.148 1.0472 -0.15708 0.1309 -2.0944 -1.65807 -85.6055 2312.42 -2690.48 0 0 0.0872665 0 0 0 -1.309 -0.785398 -0.174533 -0.523599 0 -1.0472 0 -1.309 0.785398 -0.698132 -0.523599 0 0 0 0 0 0 -1.04719 -0.261799 0.174533 1.13446 -1.48353 0 0 -1.04719 -0.261799 0.174533 1.13446 -1.48353 0 0 3.17181 0.521406 3.09131 79.6514 1531.58 -2446.34 0 0 0 
2035 1 1 1 1 0 -3534.61 2950.58 -961.148 1.0472 -0.15708 0.1309 -2.0944 -1.65807 -85.6055 2312.42 -2690.48 0 0 0.0872665 0 0 0 -1.309 -0.785398 -0.174533 -0.523599 0 -7.45058e-08 0 -1.309 0.785398 -0.698132 -0.523599 0 0 0 0 0 0 -1.04719 -0.261799 0.174533 1.13446 -1.48353 0 0 -1.04719 -0.261799 0.174533 1.13446 -1.48353 0 0 3.17181 0.521406 3.09131 79.6514 1531.58 -2446.34 0 0 0 
2040 1 1 1 1 0 -3534.61 2950.58 -961.148 1.0472 -0.15708 0.1309 -2.0944 -1.65807 -85.6055 2312.42 -2690.48 0 0 0.0872665 0 0 0 -1.309 -0.785398 -0.174533 -0.523599 0 0.261799 0 -1.309 0.785398 -0.698132 -0.523599 0 0 0 0 0 0 -1.04719 -0.261799 0.174533 1.13446 -1.48353 0 0 -1.04719 -0.261799 0.174533 1.13446 -1.48353 0 0 3.17181 0.521406 3.09131 79.6514 1531.58 -2446.34 0 0 0 
2045 1 1 1 1 0 -3534.61 2950.58 -961.148 1.0472 -0.15708 0.1309 -2.0944 -1.65807 -85.6055 2312.42 -2690.48 0 0 0.0872665 0 0 0 -1.309 -0.785398 -0.174533 -0.523599 0 -0.523599 0 -1.309 0.785398 -0.698132 -0.523599 0 0 0 0 0 0 -1.04719 -0.261799 0.174533 1.13446 -1.48353 0 0 -1.04719 -0.261799 0.174533 1.13446 -1.48353 0 0 3.17181 0.521406 3.09131 79.6514 1531.58 -2446.34 0 0 0 
2050 1 1 1 1 0 -3534.61 2950.58 -961.148 1.0472 -0.15708 0.1309 -2.0944 -1.65807 -85.6055 2312.42 -2690.48 0 0 0.0872665 0 0 0 -1.309 -0.785398 -0.174533 -0.523599 0 -1.0472 0 -1.309 0.785398 -0.698132 -0.523599 0 0 0 0 0 0 -1.04719 -0.261799 0.174533 1.13446 -1.48353 0 0 -1.04719 -0.261799 0.174533 1.13446 -1.48353 0 0 3.17181 0.521406 3.09131 79.6514 1531.58 -2446.34 0 0 0 
2055 1 1 1 1 0 -3534.61 2950.58 -961.148 1.0472 -0.15708 0.1309 -2.0944 -1.65807 -85.6055 2312.42 -2690.48 0 0 0.0872665 0 0 0 -1.309 -0.785398 -0.174533 -0.523599 0 -7.45058e-08 0 -1.309 0.785398 -0.698132 -0.523599 0 0 0 0 0 0 -1.04719 -0.261799 0.174533 1.13446 -1.48353 0 0 -1.04719 -0.261799 0.174533 1.13446 -1.48353 0 0 3.17181 0.521406 3.09131 79.6514 1531.58 -2446.34 0 0 0 
2060 1 1 1 1 0 -3534.61 2950.58 -961.148 1.0472 -0.15708 0.1309 -2.0944 -1.65807 -85.6055 2312.42 -2690.48 0 0 0.0872665 0 0 0 -1.309 -0.785398 -0.174533 -0.523599 0 0.261799 0 -1.309 0.785398 -0.698132 -0.523599 0 0 0 0 0 0 -1.04719 -0.261799 0.174533 1.13446 -1.48353 0 0 -1.04719 -0.261799 0.174533 1.13446 -1.48353 0 0 3.17181 0.521406 3.09131 79.6514 1531.58 -2446.34 0 0 0 
