1 1 1 1 1 0 9041.77 1750.94 -11850.5 2.72271 0.15708 0.0436332 -2.0944 -1.65806 -9889.51 609.574 6141.37 0 0 0.0872665 0 0 0 -1.309 0.785398 -0.698132 -0.523599 0 0 0 -1.309 0.785398 -0.698132 -0.523599 0 0 0 0 0 0 -1.04719 -0.261799 0.174533 1.13446 -1.48353 0 0 -1.04719 -0.261799 0.174533 1.13446 -1.48353 0 0 3.08454 0.521406 3.09131 -9724.28 -189.394 6316.21 0 0.349066 0 
50 1 1 1 1 1 9041.77 1750.94 -11850.5 2.72271 0.15708 0.0436332 -1.91986 -1.65806 -10045.9 628.433 5974.07 0 0 0.0872665 0 0 0 -1.309 0.785398 -0.698132 -0.523599 0 0 0 -1.309 0.785398 -0.698132 -0.523599 0 0 0 0 0 0 -1.04719 -0.261799 0.174533 1.13446 -1.48353 0 0 -1.04719 -0.261799 0.174533 1.13446 -1.48353 0 0 3.09239 0.347684 3.10987 -9907.41 -169.377 6175.44 0 0.349066 0 
100 1 1 1 1 1 7963.92 1831.98 -11206.4 2.72271 0.0523599 0.0436332 -1.78897 -1.65806 -10345.9 578.433 5974.07 0 0 0.0872665 0 0 0 -1.309 0.785398 -0.698132 -0.523599 0 0 0 -1.309 0.785398 -0.698132 -0.523599 0 0 0 0 0 0 -1.04719 -0.261799 0.174533 1.13446 -1.48353 0 0 -1.04719 -0.261799 0.174533 1.13446 -1.48353 0 0 3.09585 0.217326 3.12227 -10230.3 -218.652 6192.07 0 0.0872666 0 
150 1 1 1 1 0 7473.29 2479.27 -12119.6 2.51327 -0.471239 -0.218166 -1.74533 -1.65806 -10633.1 627.547 4901.06 0 0 0.0872665 0 0 0 -1.309 0.785398 -0.698132 -0.523599 0 0 0 -1.309 0.785398 -0.698132 -0.523599 0 0 0 0 0 0 -1.04719 -0.261799 0.174533 1.13446 -1.48353 0 0 -1.04719 -0.261799 0.174533 1.13446 -1.48353 0 0 2.83482 0.173865 3.12622 -10525.6 -199.854 4910.09 0 0.0872666 0 
200 1 1 1 1 0 7473.29 2479.27 -12119.6 2.51327 -0.471239 -0.698132 -1.74533 -1.65806 -10643.8 629.78 4852.29 0 0 0.0872665 0 0 0 -1.309 0.785398 -0.698132 -0.523599 0 0 0 -1.309 0.785398 -0.698132 -0.523599 0 0 0 0 0 0 -1.04719 -0.261799 0.174533 1.13446 -1.48353 0 0 -1.04719 -0.261799 0.174533 1.13446 -1.48353 0 0 2.35485 0.173865 3.12622 -10536.4 -108.3 4478.24 0 0.0872666 0 
250 1 1 1 1 0 6475.57 1559.64 -12092.3 2.82743 0.0523599 -0.872665 -1.74533 -1.65806 -10661.1 599.518 4782.74 0 0 0.0872665 0 0 0 -1.309 0.785398 -0.698132 -0.523599 0 0 0 -1.309 0.785398 -0.698132 -0.523599 0 0 0 0 0 0 -1.04719 -0.261799 0.174533 1.13446 -1.48353 0 0 -1.04719 -0.261799 0.174533 1.13446 -1.48353 0 0 2.18032 0.173864 3.12622 -10553.7 -62.3935 4286.21 0 0.0872666 0 
300 1 1 1 1 0 6397.74 1523.15 -10902 2.72271 0.0523599 -1.09083 -1.74533 -1.65806 -10687.1 704.124 4578.41 0 0 0.0872665 0 0 0 -1.309 0.785398 -0.698132 -0.523599 0 0 0 -1.309 0.785398 -0.698132 -0.523599 0 0 0 0 0 0 -1.04719 -0.261799 0.174533 1.13446 -1.48353 0 0 -1.04719 -0.261799 0.174533 1.13446 -1.48353 0 0 1.96216 0.173864 3.12622 -10579.6 165.372 3950.39 0 0.349066 0 
350 1 1 1 1 0 4113.82 1504.13 -12691.5 1.78024 -0.366519 -1.09083 -1.61443 -1.65806 -10773.9 1189.23 4336.85 0 0 0.0872665 0 0 0 -1.309 0.785398 -0.698132 -0.523599 0 0 0 -1.309 0.785398 -0.698132 -0.523599 0 0 0 0 0 0 -1.04719 -0.261799 0.174533 1.13446 -1.48353 0 0 -1.04719 -0.261799 0.174533 1.13446 -1.48353 0 0 1.96341 0.0434694 3.13778 -10691.9 639.46 3714.56 0 0.0872666 0 
400 1 1 1 1 0 5446.45 2287.62 -13264.7 2.30383 0.0523599 -1.0472 -1.61443 -1.65806 -10806.5 1881.51 4050.17 0 0 0.0872665 0 0 0 -1.309 0.785398 -0.698132 -0.523599 0 0 0 -1.309 0.785398 -0.698132 -0.523599 0 0 0 0 0 0 -1.04719 -0.261799 0.174533 1.13446 -1.48353 0 0 -1.04719 -0.261799 0.174533 1.13446 -1.48353 0 0 2.00705 0.0434694 3.13778 -10724.5 1305.12 3452.45 0 0.0872666 0 
450 1 1 1 1 0 3956.72 2311.17 -14001.3 2.30383 0.0523599 -1.0472 -1.61443 -1.61443 -10839.1 2573.79 3763.48 0 0 0.0872665 0 0 0 -1.309 0.785398 -0.698132 -0.523599 0 0 0 -1.309 0.785398 -0.698132 -0.523599 0 0 0 0 0 0 -1.04719 -0.261799 0.174533 1.13446 -1.48353 0 0 -1.04719 -0.261799 0.174533 1.13446 -1.48353 0 0 2.05072 0.043594 3.13968 -10755.6 1971.98 3191.59 0 0.0872666 0 
500 1 1 1 1 1 5719.51 2269.74 -12987.4 2.82743 0.575959 -1.0472 -1.61443 -1.61443 -10795.7 2706.72 3644.29 0 0 0.0872665 0 0 0 -1.309 0.785398 -0.698132 -0.523599 0 0 0 -1.309 0.785398 -0.698132 -0.523599 0 0 0 0 0 0 -1.04719 -0.261799 0.174533 1.13446 -1.48353 0 0 -1.04719 -0.261799 0.174533 1.13446 -1.48353 0 0 2.05072 0.0435939 3.13968 -10712.1 2104.91 3072.39 0 0.0872666 0 
550 1 1 1 1 0 4251.01 3493.63 -8596.26 4.08407 -0.0523599 -0.959931 -1.61443 -1.61443 -10802.2 2839.64 3575.1 0 0 0.0872665 0 0 0 -1.309 0.785398 -0.698132 -0.523599 0 0 0 -1.309 0.785398 -0.698132 -0.523599 0 0 0 0 0 0 -1.04719 -0.261799 0.174533 1.13446 -1.48353 0 0 -1.04719 -0.261799 0.174533 1.13446 -1.48353 0 0 2.13799 0.0435939 3.13968 -10718.6 2190.28 3057.83 0 0.0872666 0 
600 1 1 1 1 0 3044.71 3005 -9000.66 4.81711 -0.0523599 -0.785398 -1.61443 -1.65806 -10824 3282.74 3344.46 0 0 0.0872665 0 0 0 -1.309 0.785398 -0.698132 -0.523599 0 0 0 -1.309 0.785398 -0.698132 -0.523599 0 0 0 0 0 0 -1.04719 -0.261799 0.174533 1.13446 -1.48353 0 0 -1.04719 -0.261799 0.174533 1.13446 -1.48353 0 0 2.26884 0.0434693 3.13778 -10742 2571.29 2916.29 0 0.0872666 0 
650 1 1 1 1 0 2440.61 3083.5 -7557.95 4.81711 -0.0523599 -0.479966 -1.5708 -1.7017 -10850.1 3664.45 3067.7 0 0 0.0872665 0 0 0 -1.309 0.785398 -0.698132 -0.523599 0 0 0 -1.309 0.785398 -0.698132 -0.523599 0 0 0 0 0 0 -1.04719 -0.261799 0.174533 1.13446 -1.48353 0 0 -1.04719 -0.261799 0.174533 1.13446 -1.48353 0 0 2.53073 2.21035e-06 3.14158 -10776.9 2864.73 2841.19 0 0.0872666 0 
700 1 1 1 1 0 4381.3 3012.85 -9274.56 4.08407 0.575959 -0.436332 -1.5708 -1.74533 -10874.1 3901.85 2814 0 0 0.0872665 0 0 0 -1.309 0.785398 -0.698132 -0.523599 0 0 0 -1.309 0.785398 -0.698132 -0.523599 0 0 0 0 0 0 -1.04719 -0.261799 0.174533 1.13446 -1.48353 0 0 -1.04719 -0.261799 0.174533 1.13446 -1.48353 0 0 2.53073 2.18814e-06 3.14158 -10800.9 3102.13 2587.49 0 0.0872666 0 
750 1 1 1 1 0 850.072 4704.87 -8035.57 4.81711 -0.366519 -0.436332 -1.5708 -1.74533 -10891.5 4106.33 2479.49 0 0 0.0872665 0 0 0 -1.309 0.785398 -0.698132 -0.523599 0 0 0 -1.309 0.785398 -0.698132 -0.523599 0 0 0 0 0 0 -1.04719 -0.261799 0.174533 1.13446 -1.48353 0 0 -1.04719 -0.261799 0.174533 1.13446 -1.48353 0 0 2.53073 2.19186e-06 3.14158 -10818.4 3306.61 2252.99 0 0.0872666 0 
800 1 1 1 1 0 850.072 4704.87 -8035.57 4.81711 -0.366519 -0.261799 -1.5708 -1.74533 -10946 5214.07 1902.9 0 0 0.0872665 0 0 0 -1.309 0.785398 -0.698132 -0.523599 0 0 0 -1.309 0.785398 -0.698132 -0.523599 0 0 0 0 0 0 -1.04719 -0.261799 0.174533 1.13446 -1.48353 0 0 -1.04719 -0.261799 0.174533 1.13446 -1.48353 0 0 2.70526 2.19186e-06 3.14158 -10872.8 4387.16 1818.71 0 0.0872666 0 
850 1 1 1 1 0 -298.244 5458.81 -9210.09 5.65486 -0.366519 0.305432 -1.5708 -1.74533 -10950.4 5453.04 1379.91 0 0 0.0872665 0 0 0 -1.309 0.785398 -0.698132 -0.523599 0 0 0 -1.309 0.785398 -0.698132 -0.523599 0 0 0 0 0 0 -1.04719 -0.261799 0.174533 1.13446 -1.48353 0 0 -1.04719 -0.261799 0.174533 1.13446 -1.48353 0 0 -3.01069 2.19185e-06 3.14158 -10877.2 4710.4 1753.21 0 0.0872666 0 
900 1 1 1 1 0 -1068.36 4246.46 -7538.09 5.65486 -0.0523599 0.523599 -1.5708 -1.74533 -10950.4 5299.13 957.05 0 0 0.0872665 0 0 0 -1.309 0.785398 -0.698132 -0.523599 0 0 0 -1.309 0.785398 -0.698132 -0.523599 0 0 0 0 0 0 -1.04719 -0.261799 0.174533 1.13446 -1.48353 0 0 -1.04719 -0.261799 0.174533 1.13446 -1.48353 0 0 -2.79253 2.19185e-06 3.14158 -10877.2 4654.88 1482.23 0 0.0872666 0 
950 1 1 1 1 0 -986.809 4650.16 -7833.58 4.71239 0.261799 0.654498 -1.5708 -1.74533 -11000.4 4792.61 252.28 0 0 0.0872665 0 0 0 -1.309 0.785398 -0.698132 -0.523599 0 0 0 -1.309 0.785398 -0.698132 -0.523599 0 0 0 0 0 0 -1.04719 -0.261799 0.174533 1.13446 -1.48353 0 0 -1.04719 -0.261799 0.174533 1.13446 -1.48353 0 0 -2.66163 2.19185e-06 3.14158 -10927.2 4222.44 857.065 0 0.0872666 0 
1000 1 1 1 1 0 -2022.93 4693.65 -9087.25 5.55014 0.15708 0.829031 -1.5708 -1.74533 -10800.4 4505.8 -123.597 0 0 0.0872665 0 0 0 -1.309 0.785398 -0.698132 -0.523599 0 0 0 -1.309 0.785398 -0.698132 -0.523599 0 0 0 0 0 0 -1.04719 -0.261799 0.174533 1.13446 -1.48353 0 0 -1.04719 -0.261799 0.174533 1.13446 -1.48353 0 0 -2.4871 2.19185e-06 3.14158 -10727.2 4049.31 571.012 0 0.0872666 0 
1050 1 1 1 1 0 -2462 4735.35 -8992.41 5.65486 0.0523599 0.698132 -1.5708 -1.74533 -10750.4 4284.79 -593.443 0 0 0.0872665 0 0 0 -1.309 0.785398 -0.698132 -0.523599 0 0 0 -1.309 0.785398 -0.698132 -0.523599 0 0 0 0 0 0 -1.04719 -0.261799 0.174533 1.13446 -1.48353 0 0 -1.04719 -0.261799 0.174533 1.13446 -1.48353 0 0 -2.61799 2.19185e-06 3.14158 -10677.2 3741.54 35.6368 0 0.0872666 0 
1100 1 1 0 0 0 -49.093 4321.53 -8913.73 4.81711 -0.261799 0.698132 -1.5708 -1.74533 -10750.4 4083.49 -734.397 0 0 0.0872665 0 0 0 -1.309 0.785398 -0.698132 -0.523599 0 0 0 -1.309 0.785398 -0.698132 -0.523599 0 0 0 0 0 0 -1.04719 -0.261799 0.174533 1.13446 -1.48353 0 0 -1.04719 -0.261799 0.174533 1.13446 -1.48353 0 0 -2.61799 2.19185e-06 3.14158 -10677.2 3540.23 -105.317 0 0.0872666 0 
1150 1 1 0 0 0 -2386.33 4757.86 -8232.41 5.23598 -0.0523599 0.785398 -1.5708 -1.74533 -10700.4 3895.38 -1251.23 0 0 0.0872665 0 0 0 -1.309 0.785398 -0.698132 -0.523599 0 0 0 -1.309 0.785398 -0.698132 -0.523599 0 0 0 0 0 0 -1.04719 -0.261799 0.174533 1.13446 -1.48353 0 0 -1.04719 -0.261799 0.174533 1.13446 -1.48353 0 0 -2.53073 2.19185e-06 3.14158 -10627.2 3409.02 -577.195 0 0.349066 0 
1200 1 1 0 0 0 -783.164 3857.55 -7551.69 4.92183 0.261799 1.0472 -1.5708 -1.74533 -10700.4 3694.07 -1392.18 0 0 0.0872665 0 0 0 -1.309 0.785398 -0.698132 -0.523599 0 0 0 -1.309 0.785398 -0.698132 -0.523599 0 0 0 0 0 0 -1.04719 -0.261799 0.174533 1.13446 -1.48353 0 0 -1.04719 -0.261799 0.174533 1.13446 -1.48353 0 0 -2.26893 2.19185e-06 3.14158 -10627.2 3398.74 -615.234 0 0.349066 0 
1250 1 1 0 0 0 -2713.7 3236.39 -13815.9 7.85398 0.261799 1.39626 -1.5708 -1.74533 -10700.4 2824.85 -1996.07 0 0 0.0872665 0 0 0 -1.309 0.785398 -0.698132 -0.523599 0 0 0 -1.309 0.785398 -0.698132 -0.523599 0 0 0 0 0 0 -1.04719 -0.261799 0.174533 1.13446 -1.48353 0 0 -1.04719 -0.261799 0.174533 1.13446 -1.48353 0 0 -1.91986 2.19185e-06 3.14158 -10627.2 2813.06 -1164.97 0 0.0872666 0 
1300 1 1 0 0 0 -4513.71 2772.85 -15907.3 7.85398 0.0523599 1.1781 -1.5708 -1.78896 -10700.4 1699.01 -2646.07 0 0 0.0872665 0 0 0 -1.309 0.785398 -0.698132 -0.523599 0 0 0 -1.309 0.785398 -0.698132 -0.523599 0 0 0 0 0 0 -1.04719 -0.261799 0.174533 1.13446 -1.48353 0 0 -1.04719 -0.261799 0.174533 1.13446 -1.48353 0 0 -2.18166 2.16443e-06 3.14158 -10627.2 1472.52 -1846.34 0 0.0872666 0 
1350 1 1 0 0 0 -4513.71 2772.85 -15907.3 7.85398 0.0523599 0.916298 -1.5708 -1.78896 -10700.4 1309.3 -2871.07 0 0 0.0872665 0 0 0 -1.309 0.785398 -0.698132 -0.523599 0 0 0 -1.309 0.785398 -0.698132 -0.523599 0 0 0 0 0 0 -1.04719 -0.261799 0.174533 1.13446 -1.48353 0 0 -1.04719 -0.261799 0.174533 1.13446 -1.48353 0 0 -2.44346 2.16443e-06 3.14158 -10627.2 883.54 -2157.21 0 0.0872666 0 
1400 1 1 0 0 0 -4663.71 2772.85 -15907.3 7.85398 0.0523599 0.785398 -1.5708 -1.78896 -10700.4 929.864 -3150.89 0 0 0.0872665 0 0 0 -1.309 0.785398 -0.698132 -0.523599 0 0 0 -1.309 0.785398 -0.698132 -0.523599 0 0 0 0 0 0 -1.04719 -0.261799 0.174533 1.13446 -1.48353 0 0 -1.04719 -0.261799 0.174533 1.13446 -1.48353 0 0 -2.57436 2.16443e-06 3.14158 -10627.2 414.564 -2498.71 0 0.0872666 0 
1450 1 1 0 0 0 -3788.61 1654.13 -12848.7 8.16813 -0.261799 0.261799 -1.61443 -1.78896 -10702.5 637.717 -3388.5 0 0 0.0872665 0 0 0 -1.309 0.785398 -0.698132 -0.523599 0 0 0 -1.309 0.785398 -0.698132 -0.523599 0 0 0 0 0 0 -1.04719 -0.261799 0.174533 1.13446 -1.48353 0 0 -1.04719 -0.261799 0.174533 1.13446 -1.48353 0 0 -3.09816 0.0426004 3.13213 -10625.3 -135.485 -3084.51 0 -0.174533 0 
