1 1 1 1 1 0 -1946.7 2351.06 1740.06 2.19911 0.0523599 -2.01166e-07 0.959926 -1.48354 8079.04 674.935 -7886.82 0 0 0.0872665 0 0 0 -1.309 0.785398 -0.698132 -0.523599 0 0 0 -1.309 0.785398 -0.698132 -0.523599 0 0 0 0 0 0 -1.04719 -0.261799 0.174533 1.13446 -1.48353 0 0 -1.04719 -0.261799 0.174533 1.13446 -1.48353 0 0 -0.106403 -0.608207 0.0609498 7823.76 -83.2888 -8123.95 0 1.3411e-07 0 
50 1 1 1 1 0 -1946.7 2351.06 1740.06 2.19911 0.0523599 -2.01166e-07 0.959926 -2.00714 9039.31 679.744 -6515.41 0 0 0.0872665 0 0 0 -1.309 0.785398 -0.698132 -0.523599 0 0 0 -1.309 0.785398 -0.698132 -0.523599 0 0 0 0 0 0 -1.04719 -0.261799 0.174533 1.13446 -1.48353 0 0 -1.04719 -0.261799 0.174533 1.13446 -1.48353 0 0 0.517506 -0.546663 -0.287714 9027.67 -147.229 -6404.61 0 1.3411e-07 0 
100 1 1 1 1 0 -1946.7 2351.06 1740.06 2.19911 0.0523599 -2.01166e-07 0.959926 -1.5708 10369.4 1148.4 -4615.83 0 0 0.0872665 0 0 0 -1.309 0.785398 -0.698132 -0.523599 0 0 0 -1.309 0.785398 -0.698132 -0.523599 0 0 0 0 0 0 -1.04719 -0.261799 0.174533 1.13446 -1.48353 0 0 -1.04719 -0.261799 0.174533 1.13446 -1.48353 0 0 -2.14881e-06 -0.610868 -1.55632e-06 10152.8 363.365 -4797.77 0 1.3411e-07 0 
110 1 1 1 1 0 -1946.7 2351.06 1740.06 2.19911 0.0523599 -2.01166e-07 0.959926 -1.5708 10369.4 1148.4 -4615.83 0 0 0.0872665 0 0 0 -1.309 0.785398 -0.698132 -0.523599 0 0 0 -1.309 0.785398 -0.698132 -0.523599 0 0 0 0 0 0 -1.04719 -0.261799 0.174533 1.13446 -1.48353 0 0 -1.04719 -0.261799 0.174533 1.13446 -1.48353 0 0 -2.14881e-06 -0.610868 -1.55632e-06 10152.8 363.365 -4797.77 0 1.3411e-07 0 
150 1 1 1 1 0 -1946.7 2351.06 1740.06 2.19911 0.0523599 -2.01166e-07 0.959926 -1.39627 10713.6 1148.4 -4124.34 0 0 0.0872665 0 0 0 -1.309 0.785398 -0.698132 -0.523599 0 0 0 -1.309 0.785398 -0.698132 -0.523599 0 0 0 0 0 0 -1.04719 -0.261799 0.174533 1.13446 -1.48353 0 0 -1.04719 -0.261799 0.174533 1.13446 -1.48353 0 0 -0.212023 -0.600269 0.120995 10421.1 422.75 -4414.55 0 1.3411e-07 0 
250 1 1 1 1 0 -1946.7 2351.06 1740.06 2.19911 0.0523599 -2.01166e-07 0.959926 -2.0944 11113.5 1109.41 -3553.12 0 0 0.0872665 0 0 0 -1.309 0.785398 -0.698132 -0.523599 0 0 0 -1.309 0.785398 -0.698132 -0.523599 0 0 0 0 0 0 -1.04719 -0.261799 0.174533 1.13446 -1.48353 0 0 -1.04719 -0.261799 0.174533 1.13446 -1.48353 0 0 0.613949 -0.519832 -0.336772 11143.1 292.916 -3383.54 0 1.3411e-07 0 
300 1 1 1 1 0 -1946.7 2351.06 1740.06 2.19911 0.0523599 -2.01166e-07 1.43989 -1.74534 11742.1 1205.29 -2655.48 0 0 0.0872665 0 0 0 -1.309 0.785398 -0.698132 -0.523599 0 0 0 -1.309 0.785398 -0.698132 -0.523599 0 0 0 0 0 0 -1.04719 -0.261799 0.174533 1.13446 -1.48353 0 0 -1.04719 -0.261799 0.174533 1.13446 -1.48353 0 0 0.176006 -0.128902 -0.0228605 11652.3 384.727 -2777.61 0 0.349066 0 
350 1 1 1 1 0 -1946.7 2351.06 1740.06 1.36136 0.0523599 -2.01166e-07 1.43989 -1.5708 11942.7 1352.91 -1131.55 0 0 0.0872665 0 0 0 -1.309 0.785398 -0.698132 -0.523599 0 0 0 -1.309 0.785398 -0.698132 -0.523599 0 0 0 0 0 0 -1.04719 -0.261799 0.174533 1.13446 -1.48353 0 0 -1.04719 -0.261799 0.174533 1.13446 -1.48353 0 0 -1.79209e-06 -0.130902 -2.47478e-06 11834.6 567.865 -1392.95 0 0.349066 0 
400 1 1 1 1 0 -1946.7 2351.06 1740.06 1.36136 0.0523599 -2.01166e-07 1.43989 -1.13447 12107.8 922.732 122.004 0 0 0.0872665 0 0 0 -1.309 0.785398 -0.698132 -0.523599 0 0 0 -1.309 0.785398 -0.698132 -0.523599 0 0 0 0 0 0 -1.04719 -0.261799 0.174533 1.13446 -1.48353 0 0 -1.04719 -0.261799 0.174533 1.13446 -1.48353 0 0 -0.439634 -0.118577 0.055581 11959.7 326.733 -442.951 0 0.349066 0 
450 1 1 1 1 0 -1946.7 2351.06 1740.06 1.36136 0.0523599 -2.01166e-07 1.83259 -1.48354 12193.3 663.875 771.721 0 0 0.0872665 0 0 0 -1.309 0.785398 -0.698132 -0.523599 0 0 0 -1.309 0.785398 -0.698132 -0.523599 0 0 0 0 0 0 -1.04719 -0.261799 0.174533 1.13446 -1.48353 0 0 -1.04719 -0.261799 0.174533 1.13446 -1.48353 0 0 -0.0903305 0.260777 -0.0233517 12211 -94.3661 423.769 0 0.349066 0 
500 1 1 1 1 0 -1946.7 2351.06 1740.06 1.36136 0.0523599 -2.01166e-07 1.83259 -1.5708 11909.7 568.011 1830.2 0 0 0.0872665 0 0 0 -1.309 0.785398 -0.698132 -0.523599 0 0 0 -1.309 0.785398 -0.698132 -0.523599 0 0 0 0 0 0 -1.04719 -0.261799 0.174533 1.13446 -1.48353 0 0 -1.04719 -0.261799 0.174533 1.13446 -1.48353 0 0 -2.18044e-06 0.261796 -3.04975e-06 11909.9 -217.035 1547.33 0 0.349066 0 
