1 0 0 0 0 1 0 2000 -2000 1.5708 -0.785398 0 -2.0944 -1.5708 -4200 3300 12050 0 0 0.0872665 0 0 0 -1.309 0.785398 -0.698132 -0.523599 0 0 0 -1.309 0.785398 -0.698132 -0.523599 0 0 0 0 0 0 -1.04719 -0.261799 0.174533 1.13446 -1.48353 0 0 -1.04719 -0.261799 0.174533 1.13446 -1.48353 0 0 0 2.61799 0 -4000 2515 12250 0 0 0 
10 0 0 0 0 0 11306.8 2638.14 -2918.48 -1.0472 -0.0523599 0 -2.0944 -1.309 -4250 3300 11963.4 0 0 0.0872665 0 0 0 -1.309 0.785398 -0.698132 -0.523599 0 0 0 -1.309 0.785398 -0.698132 -0.523599 0 0 0 0 0 0 -1.04719 -0.261799 0.174533 1.13446 -1.48353 0 0 -1.04719 -0.261799 0.174533 1.13446 -1.48353 0 0 -2.84153 0.504039 -2.99326 -3953.07 2612.46 12331.3 0 0 0 
50 0 0 0 0 0 11228 2496.2 -2781.96 -1.0472 -0.0523599 0 -2.0944 -1.1781 -4450 3250 11617 0 0 0.0872665 0 0 0 -1.309 0.785398 -0.698132 -0.523599 0 0 0 -1.309 0.785398 -0.698132 -0.523599 0 0 0 0 0 0 -1.04719 -0.261799 0.174533 1.13446 -1.48353 0 0 -1.04719 -0.261799 0.174533 1.13446 -1.48353 0 0 -2.69546 0.480184 -2.92414 -4110.2 2629.3 12059.1 0 0 0 
100 0 0 0 0 0 10727.5 2685.24 -2215.13 -1.0472 -0.0523599 0 -2.0944 -1.09083 -4675 3100 11227.3 0 0 0.0872665 0 0 0 -1.309 0.785398 -0.698132 -0.523599 0 0 0 -1.309 0.785398 -0.698132 -0.523599 0 0 0 0 0 0 -1.04719 -0.261799 0.174533 1.13446 -1.48353 0 0 -1.04719 -0.261799 0.174533 1.13446 -1.48353 0 0 -2.60036 0.459508 -2.88106 -4309.2 2529.84 11714.5 0 0 0 
300 0 0 0 0 0 6593.74 934.808 -3455.19 -1.0472 -0.0523599 0 -2.0944 -1.09083 -6773.6 1095.24 7592.44 0 0 0.0872665 0 0 0 -1.309 0.785398 -0.698132 -0.523599 0 0 0 -1.309 0.785398 -0.698132 -0.523599 0 0 0 0 0 0 -1.04719 -0.261799 0.174533 1.13446 -1.48353 0 0 -1.04719 -0.261799 0.174533 1.13446 -1.48353 0 0 -2.60036 0.459508 -2.88106 -6407.8 525.079 8079.62 0 0 0 
350 0 0 0 0 0 6593.74 934.808 -3455.19 -1.0472 -0.0523599 0 -2.0944 -1.09083 -6951 910.545 7285.17 0 0 0.0872665 0 0 0 -1.309 0.785398 -0.698132 -0.523599 0 0 0 -1.309 0.785398 -0.698132 -0.523599 0 0 0 0 0 0 -1.04719 -0.261799 0.174533 1.13446 -1.48353 0 0 -1.04719 -0.261799 0.174533 1.13446 -1.48353 0 0 -2.60036 0.459508 -2.88106 -6585.21 340.381 7772.35 0 0 0 
400 0 0 0 0 0 6589.81 785.014 -3448.39 -1.0472 -0.0523599 0 -2.0944 -1.26537 -7017.53 841.283 7169.95 0 0 0.0872665 0 0 0 -1.309 0.785398 -0.698132 -0.523599 0 0 0 -1.309 0.785398 -0.698132 -0.523599 0 0 0 0 0 0 -1.04719 -0.261799 0.174533 1.13446 -1.48353 0 0 -1.04719 -0.261799 0.174533 1.13446 -1.48353 0 0 -2.79243 0.49708 -2.96969 -6705.83 174.758 7563.43 0 0 0 
500 0 0 0 0 0 6561.07 758.846 -6246.4 -1.46608 0.0523599 0 -2.0944 -1.26537 -7065.22 811.213 7087.35 0 0 0.0872665 0 0 0 -1.309 0.785398 -0.698132 -0.523599 0 0 0 -1.309 0.785398 -0.698132 -0.523599 0 0 0 0 0 0 -1.04719 -0.261799 0.174533 1.13446 -1.48353 0 0 -1.04719 -0.261799 0.174533 1.13446 -1.48353 0 0 -2.79243 0.49708 -2.96969 -6753.52 144.687 7480.83 0 -0.174533 0 
550 0 0 0 0 0 5567.23 226.726 -5833.08 -1.0472 -0.0523599 0 -2.18167 -1.35263 -7112.9 781.143 7004.76 0 0 0.0872665 0 0 0 -1.309 0.785398 -0.698132 -0.523599 0 0 0 -1.309 0.785398 -0.698132 -0.523599 0 0 0 0 0 0 -1.04719 -0.261799 0.174533 1.13446 -1.48353 0 0 -1.04719 -0.261799 0.174533 1.13446 -1.48353 0 0 -2.87728 0.594365 -2.99118 -6802.5 73.8716 7320.45 0 -0.174533 0 
600 0 0 0 0 0 5567.23 226.726 -5833.08 -1.0472 -0.0523599 0 -2.18167 -1.48353 -7279.81 675.897 6715.68 0 0 0.0872665 0 0 0 -1.309 0.785398 -0.698132 -0.523599 0 0 0 -1.309 0.785398 -0.698132 -0.523599 0 0 0 0 0 0 -1.04719 -0.261799 0.174533 1.13446 -1.48353 0 0 -1.04719 -0.261799 0.174533 1.13446 -1.48353 0 0 -3.03519 0.608206 -3.08064 -7024.5 -82.3153 6952.69 0 -0.174533 0 
700 0 0 0 0 0 6194.63 709.606 -6088.17 -1.46608 0.0523599 0 -2.3562 -1.48353 -7303.65 660.862 6674.39 0 0 0.0872665 0 0 0 -1.309 0.785398 -0.698132 -0.523599 0 0 0 -1.309 0.785398 -0.698132 -0.523599 0 0 0 0 0 0 -1.04719 -0.261799 0.174533 1.13446 -1.48353 0 0 -1.04719 -0.261799 0.174533 1.13446 -1.48353 0 0 -3.01849 0.781603 -3.05466 -7011.06 -97.3502 6863.45 0 -0.174533 0 
